392
125
262
646
273
887
459
814
754
607
680
548
15
591
828
193
738
342
387
308
934
802
724
661
877
987
451
17
969
530
4
27
390
907
403
258
177
495
57
423
24
255
197
238
171
323
32
240
43
428
914
242
231
662
174
274
927
142
1019
318
42
314
362
156
139
652
888
168
669
82
360
508
1007
278
626
504
949
479
202
998
820
783
558
608
946
502
793
674
217
588
687
736
40
201
80
698
985
72
511
110
93
1
196
69
773
792
711
963
226
728
596
310
432
302
886
605
108
958
516
265
264
173
1000
700
317
77
21
544
893
797
375
604
505
480
615
176
953
212
562
532
315
527
677
336
355
739
566
737
721
766
19
186
284
159
621
957
753
547
499
533
917
506
995
52
593
521
994
723
227
883
117
933
448
743
997
140
325
187
10
776
764
540
695
446
70
53
589
241
947
785
966
322
88
606
768
756
710
545
539
119
928
654
41
411
762
956
611
122
76
780
507
826
301
981
13
376
574
458
757
496
818
930
926
59
306
84
787
788
58
138
852
215
632
132
945
493
221
144
509
575
812
951
931
412
720
733
223
436
244
353
823
1013
175
796
179
894
199
549
447
882
633
769
847
143
248
988
153
34
813
370
689
853
409
625
719
277
895
879
567
466
786
292
569
9
289
670
494
500
631
568
729
250
971
268
935
501
913
46
134
668
367
413
395
6
243
867
56
585
912
878
1011
377
1023
536
846
948
455
584
189
595
899
104
384
282
381
26
697
393
380
860
385
962
157
747
8
890
784
665
929
373
837
482
141
488
790
726
396
424
557
1010
83
884
472
579
398
103
909
28
14
54
497
925
234
445
732
686
627
791
667
550
693
531
944
714
672
880
587
303
938
528
209
438
920
778
45
636
295
225
565
543
656
746
230
259
441
704
952
586
406
781
908
653
841
460
253
298
975
30
560
346
162
33
383
181
261
249
220
414
503
691
453
798
840
716
417
706
664
673
524
634
465
427
313
214
269
329
389
875
407
485
902
489
682
368
22
666
198
335
924
276
426
761
848
959
218
450
645
150
126
657
865
266
371
968
940
513
345
166
522
1018
147
922
639
872
843
858
712
457
563
316
357
452
47
699
64
275
149
542
623
25
556
62
514
973
112
960
11
671
185
194
609
811
777
1008
978
916
765
267
66
650
578
120
161
421
74
679
819
73
990
694
236
204
85
154
577
651
972
824
291
748
107
992
102
61
121
152
829
319
862
219
799
245
416
468
918
440
553
898
735
99
713
257
136
836
864
454
169
684
372
510
961
410
583
312
405
1014
344
213
65
870
641
554
755
91
552
807
939
546
365
734
101
67
478
366
881
29
749
320
348
145
182
484
647
976
190
876
775
622
328
915
137
967
158
188
96
38
640
817
237
178
919
1016
90
492
612
23
613
327
183
124
286
358
861
833
808
519
288
707
39
369
1005
444
111
491
467
851
678
660
795
644
518
211
402
709
980
825
477
512
232
923
655
868
727
68
932
774
332
850
767
146
334
207
133
165
901
433
210
356
688
155
305
391
582
98
702
598
954
570
437
794
127
619
832
845
517
200
564
637
760
892
463
471
885
977
31
871
71
123
130
580
192
299
681
903
643
296
55
94
642
744
206
1022
339
351
683
354
63
601
722
523
79
2
309
487
603
983
810
394
809
610
821
100
191
941
263
541
986
254
571
256
37
900
873
844
293
131
701
397
751
561
160
854
7
5
638
770
184
869
725
51
294
964
148
1020
3
44
804
515
806
600
118
430
616
838
822
629
996
399
476
347
439
106
718
461
469
705
745
789
203
856
696
911
989
889
855
921
834
708
281
659
955
422
425
490
401
97
649
592
663
475
910
534
620
717
434
594
905
520
555
420
943
483
758
779
228
857
559
364
815
180
290
92
163
379
690
750
801
839
300
581
863
48
78
1001
866
816
772
418
599
535
597
979
419
590
429
537
1021
525
341
1009
400
936
648
993
324
363
842
326
279
251
602
349
195
222
272
164
35
333
270
151
443
115
95
331
359
87
337
36
692
307
109
803
247
538
830
408
628
676
617
304
759
1012
481
618
470
576
942
340
658
974
89
572
771
297
782
75
835
831
350
271
1003
741
950
635
343
116
464
965
374
859
897
1002
12
473
338
891
129
50
260
474
431
246
849
805
287
937
216
752
991
16
730
529
435
1017
498
486
442
462
235
382
224
449
330
378
763
167
388
20
614
233
239
896
404
1006
526
415
904
731
740
280
60
321
999
49
170
742
906
456
81
352
114
285
205
252
311
172
630
573
827
361