526
822
440
820
494
556
176
266
268
590
786
908
208
32
118
454
584
84
218
132
598
450
272
192
678
126
944
780
410
676
166
524
956
140
540
320
688
24
938
8
262
1004
1010
960
150
308
134
248
336
714
770
504
478
366
950
628
994
574
80
800
784
564
226
742
316
776
566
986
38
18
734
664
498
940
710
280
10
364
974
182
760
782
1008
612
604
680
968
532
982
484
552
646
204
312
616
600
420
846
100
346
536
42
356
222
448
260
926
572
382
1012
716
198
264
870
22
244
358
874
858
756
234
102
852
736
170
292
652
492
830
910
398
988
692
894
660
482
148
588
674
94
774
384
284
2
376
884
686
202
900
254