40
424
328
6
82
454
238
764
470
220
548
46
814
954
994
440
36
492
312
544
898
348
816
964
830
802
42
772
320
50
948
628
60
438
938
464
278
78
72
210
486
556
256
76
662
58
782
338
588
22
394
644
790
130
346
694
334
690
1000
716
714
956
624
734
224
170
504
164
648
270
216
106
594
672
834
484
342
604
646
98
1002
534
934
660
852
166
554
156
732
944
298
974
878
862
570
592
962
586
204
142
550
562
746
386
498
500
66
576
726
152
656
798
598
988
246
508
910
448
422
150
318
290
620
708
268
64
154
678
766
288
744
304
350
286
120
274
200
144
92
786
522
940
260
206
566
992
62
410
920
264