741
896
582
216
561
221
666
885
938
402
603
354
108
1007
941
931
264
365
640
760
475
69
379
75
228
979
419
452
293
904
451
813
184
996
766
988
176
41
1005
292
99
637
54
118
248
844
195
460
817
346
104
684
473
478
523
737
272
480
498
356
616
203
973
2
241
111
409
42
757
546
808
229
636
855
102
138
517
315
375
867
647
269
620
427
208
560
626
654
834
977
946
660
476
840
822
610
218
751
46
509
323
671
740
978
257
276
606
157
607
291
401
837
845
883
755
124
345
795
949
1021
793
880
81
928
204
1019
581
789
718
631
836
579
807
711
720
934
223
339
96
954
12
901
858
617
562
53
714
895
237
337