859
749
432
313
98
503
96
370
236
576
487
546
615
949
711
926
687
1008
153
881
244
435
42
788
248
90
253
815
772
883
389
861
822
60
598
56
500
390
266
35
831
215
974
219
207
935
210
228
13
431
648
298
206
152
590
899
865
624
27
456
347
597
50
731
283
112
174
644
496
171
698
79
895
270
549
360
398
911
182
204
686
651
172
237
1011
101
867
331
776
931
964
234
539
186
429
373
411
257
301
512
572
453
808
508
782
930
769
538
265
321
688
95
122
617
890
314
762
921
654
715
51
293
400
70
510
633
952
849
852
991
76
550
291
45
693
804
75
885
381
844
955
480
451
472
343
342
709
335
680
630