61
781
801
66
269
274
595
450
163
189
720
41
301
521
158
250
260
435
376
236
489
458
705
870
81
359
647
306
518
945
759
650
583
244
252
862
972
783
823
692
426
723
977
1011
223
228
660
12
795
294
981
27
947
763
484
2
136
898
287
279
10
74
403
657
737
500
767
900
868
713
702
222
866
776
402
844
405
954
113
886
407
960
576
968
830
476
607
45
186
183
935
272
777
876
714
463
914
419
617
448
663
570
303
686
755
152
1010
396
864
730
254
524
707
273
855
880
245
588
145
447
83
409
822
848
722
727
875
497
603
93
734
140
112
541
770
807
817
520
98
903
927
543
51
470
270
379
731
620
676
527