636
222
852
862
652
100
26
230
346
752
612
290
526
910
378
734
226
706
934
954
330
78
470
216
14
302
422
24
444
1008
912
556
528
666
702
454
924
240
622
72
430
562
524
998
326
552
160
58
744
236
762
876
680
22
1018
628
598
810
776
738
630
244
396
122
408
634
936
904
746
610
720
554
474
388
390
116
340
780
828
944
56
264
106
942
804
728
678
354
298
784
596
238
144
548
590
164
592
398
76
268
136
874
986
578
908
212
730
860
496
366
966
766
1020
608
918
460
950
426
638
814
980
500
770
782
458
518
102
670
162
38
756
958
32
448
888
928
686
472
854
334
732
960
544
948
1000
156
846
512
304
516