469
60
18
794
887
894
122
245
241
72
831
139
899
944
132
707
436
90
837
190
973
770
424
896
755
881
174
534
301
655
849
127
940
394
960
784
825
119
1005
989
658
907
356
851
994
204
1017
488
498
411
193
592
240
571
712
617
16
958
565
641
945
823
339
588
308
429
1006
395
314
346
833
141
227
544
542
675
208
71
850
26
263
496
88
126
168
548
184
433
176
89
107
551
225
430
426
213
1016
906
623
335
274
452
815
402
264
746
188
969
432
102
876
875
270
751
81
704
561
530
549
218
977
499
538
323
774
454
916
937
486
807
855
688
183
358
440
459
884
35
506
209
987
798
947
634
45
67
277
647
201
803