682
894
80
906
726
504
262
734
850
154
420
366
480
118
184
514
258
704
774
374
980
288
426
822
372
654
402
958
596
134
456
770
852
430
702
914
950
468
286
542
754
608
524
880
992
512
522
250
968
786
6
490
580
626
198
280
528
858
434
798
344
284
656
732
136
336
896
12
990
988
458
532
130
310
70
526
476
982
162
62
972
166
28
414
140
352
854
112
318
422
536
312
730
444
878
930
100
316
466
566
782
296
724
884
760
916
392
520
128
194
66
796
360
274
256
780
844
74
172
762
376
752
578
938
832
800
788
328
962
738
750
108
712
52
146
720
24
404
802
508
416
574
68
644
746
442
816
942
236
270