4810
3044
11963
19920
22709
8519
18621
5690
9023
16213
16896
22583
3708
4703
6997
19278
28806
19475
3439
16767
25417
16719
4696
13403
3756
17807
15340
20196
30075
23607
7646
9121
17233
16434
10595
17695
7898
1643
23901
9551
12496
20234
29913
18936
19318
8068
13874
25886
14256
8671
15730
11210
13750
29359
11700
23786
15298
20378
23426
25068
5467
22494
9411
24791
9541
3516
23657
20161
25581
15280
6426
10649
15657
13036
27732
25346
29786
22304
4766
799
24211
19877
22958
13297
6771
24630
25276
23583
10376
25545
14328
9616
19138
29423
7693
5161
16006
6023
17574
20620