4810
29488
2746
1070
5230
14934
8784
5771
1857
3070
330
7551
16620
1653
3425
12061
12020
20156
23451
6620
15681
1316
19106
25287
29725
18945
18112
20994
9320
25390
20984
4393
10242
12613
14428
2762
12103
753
7618
9877
19575
21948
23582
17729
17584
2229
22434
12271
972
21714
4161
17679
8386
25002
3506
25772
5455
15473
3123
21430
1054
202
7001
14134
8265
19797
4581
9563
7611
1580
12069
28238
4823
14175
26719
22169
19679
8167
22979
25837
13288
17755
2067
18454
13283
12468
136
12819
7207
7420
14966
21012
26180
24008
6570
28457
3941
9844
28305
13321
21340
14805
22514
7006
24389
22481
26023
30050
18431
20116
9296
20701
24605
16365
25264
2739
435
987
22540
8914
8369
23331
28714
29554
24551
6896
3897
206
894
8587
21386
17902
18628
23350
5168
23894
4304
7439
18006
17895
17503
18438
23068
25394
10386
27452
9065
28688
24801
22523
4638
11788
6246
16181
15070
122
1858
27021
11160
19215
2717
23485
7856
20341
1753
26030
7105
12915
10339
24745
10351
11928
2892
23356
15399
7934
27910
17447
25839
10814
23808
13695
11702
22372
15876
17173
19186
12620
8953
17040
1988
11916
11469
3764
8039
11392
13134
8997
27916
7513
24871
16084
23636
10679
3708
5992
15393
8838
10494
3884
24815
28477
29324
25504
6465
22258
5293
12656
7479
22439
3622
5789
10186
27788
30000
21462
11923
15933
15688
2388
25082
25801
18211
27243
4010
12962
20458
17991
19247
10282
22521
30094
16327
25020
23649
13586
29903
14294
14453
349
7193
1329
14110
23074
4387
5543
20356
7739
2089
28213
10844
28942
22736
3570
3975
9530
6538
29041
11631
13388
22585
26026
9853
26012
7914
7279
21423
26702
16763
7253
10349
11647
24011
9025
13413
27601
20807
4240
27250
11111
29168
6675
16776
17504
7069
4001
25230
2402
6787
6575
9377
21705
29192
3192
22477
12698
21275
15315
1717
25015
12243
1583
21812
4120
10784
2935
27433
7719
16846
13395
23093
8078
3166
14709
15635
12808
894
18629
25073
29250
13472
3353
7386
12699
15583
9174
21897
23629
4540
26422
24195
2940
30089
10765
26472
1643
25753
6559
17862
30204
10622
1989
25120
5051
19989
28103
23566
25246
4683
18328
13052
13667
23522
7014
11330
17072
17711
4649
20363
27819
24245
15788
24801
20823
23445
27512
12575
12567
1702
8463
253
12766
25264
12775
19635
19550
24810
1781
11935
1851
25216
4351
25925
4728
13124
16142
18337
10721
1358
9134
25152
29107
13396
1812
9040
8257
28800
3932
11139
19583
6976
18400
426
5586
22875
3138
8959
24213
11415
26700
3871
4713
22635
17339
29648
25585
28793
4581
10310
8354
26334
24815
25257
9397
2613
13085
22520
29738
30173
7725
16850
6656
15021
9401
2983
7787
18151
26238
15192
8464
24468
1066
10096
18675
30132
11776
14194
16922
13903
18732
7001
17286
18380
1899
4052
289
11925
18080
9654
16899
11828
10111
23114
15247
23401
24357
17546
25059
27128
24132
21248
4541
16782
23898
9094
27976
2279
25430
14691
16751
29912
1603
9982
9462
9544
30156
27517
25185
3901
17221
25661
28523
16940
23082
6264
12231
29378
69
6759
21069
3586
13231
7639
22682
22746
6227
2760
6244
27374
26305
12884
17460
20424
4504
2928
3179
15195
13401
2004
3690
29910
21732
20475
2242
19213
15189
15765
6828
25978
16482
16047
10460
27175
26617
4057
18345
2137
13361
20685
13108
1444
8642
1122
4730
19832
29042
23907
15412
15061
11923
924
22097
26359
22145
22258
4789
14547
25927
21063
15563
26209
10982
27199
5463
28732
26251
21189
13698
27733
19706
30051
22653
24320
12964
16504
25917
14607
13841
3799
26604
11760
22562
26095
13643
18172
1823
7439
27663
21712
6561
21947
25842
26323
28888
7307
9228
22331
11085
7631
1643
26046
13375
4653
14236
22198
24636
30070
18554
22218
3216
25686
21764
19228
21967
2054
20918
3174
4111
29272
27329
13556
23134
16865
14462
9673
21556
21137
5566
12567
25782
25720
27947
5384
4196
24104
12129
22776
16012
28992
26529
12917
640
28514
24431
12022
23123
17305
1983
29884
670
17799
27602
11800
28821
17627
14078
4593
22803
8287
16340
14615
15955
465
23499
18196
6700
18181
25598
8202
11861
8077
25258
25399
21765
726
5593
20724
6747
27052
2591
15281
15923
9942
27490
16440
23297
7710
19048
4472
27544
20089
10681
6811
17092
27833
6632
4073
29534
28220
11732
26260
26197
3639
12118
20858
29649
3323
27101
20095
12605
27239
29290
1797
11078
17368
22553
7807
18757
24127
18000
16668
27709
15910
13681
11417
6409
15521
12172
27280
29144
25287
18230
704
10807
13422
22126
18437
23240
26750
10555
10411
15701
464
26187
1071
22574
23528
17335
27463
3215
2198
18115
4183
4426
98
27149
22771
22953
23105
16018
12327
8765
4022
27100
6606
17739
22154
13409
18966
12885
10263
9841
5457
4573
3375
18109
27845
21348
8830
17411
26071
13028
17109
9322
12874
6166
25807
3753
5371
9471
10197
10274
1162
17589
7039
4722
6936
16740
4757
20831
1787
15732
8032
13696
7563
26382
1917
17266
26390
14297
28566
8795
28267
23491
11032
17883
8224
22837
2382
16457
28599
9224
18102
21731
7078
3787
2576
27533
4457
15674
24057
17456
27942
8114
9516
25763
2674
25184
26766
24478
15887
13167
20355
13555
22749
13509
25692
25694
25847
3051
23205
22284
22640
108
12530
25730
7408
16611
2993
8991
19111
22902
10352
1818
2082
9638
690
17578
19689
26962
19927
16485
10528
16667
19763
23276
15870
29550
26527
3430
27565
20456
9889
9004
11736
23764
20613
25561
7353
18397
22592
4948
27341
21663
26468
12358
25939
6632
12826
18185
8234
6702
25596
20817
27510
17615
29370
16740
4322
3530
11849
20824
7695
1170
2491
25995
25154
8057
21756
17479
16128
27424
15492
1420
29932
18442
25490
16424
20165
17075
14397
2636
6240
17538
27634
7336
5271
21757
14756
8166
26282
14498
14607
9805
2422
18531
23727
530
13173
25482
26548
14506
1738
29714
26445
19624
22098
19167
20759
15903
10401
8980
11003
27007
29633
27802
24949
395
20279
362
12075
17441
21451
5601
9674
25083
22140
28489
10655
28774
28595
112
12404
13222
23151
14485
27788
17092
5178
12934
9822
19972
6439
5667
25873
14181
26794
19883
23840
10971
9651
19264
7368
4301
28723
1110
16836
6372
4343
11042
71
7590
5527
29619
21954
19094
14496
5789
8542
16102
8356
23477
21638
18297
7755
4357
25407
5999
15884
2119
6662
25151
17884
27790
13086
18895
30185
2325
22301
25078
17483
17002
15571
13692
485
15801
4014
5843
20507
1465
26485
17180
9676
8458
13909
22760
11448
25524
26038
25156
19476
2996
1785
26902
21307
2416
27253
7216
25417
17002
4556
27589
2694
28638
28112
25293
5769
9148
14069
14398
22278
7387
8890
15810
10612
15068
1771
29915
13534
18831
19067
14728
11329
11255
3954
10211
17231
3813
22787
25729
485
763
20944
8868
20645
20968
11948
24124
3497
10064
2808
19893
19568
16382
9483
26594
4879
11033
5377
19713
2742
18856
308
11728
2028
25575
24981
13199
28231
19361
25044
22148
16160
698
23374
15864
11013
341
16795
27494
21741
29049
8558
16596
2407
25364
15523
18640
14702
281
8200
5128
18630
19692
12544
1588
23725
17012
27046
4328
5614
28355
28781
29024
3209
15925
27156
22179
10205
22346
17058
2363
12276
12136
22331
13942
9567
3994
7221
28195
29664
29417
13571
18453
5903
1286
18011
26396
633
25054
22378
5664
11360
1030
29905
19523
4360
27401
7885
26290
325
10000
9229
20540
9580
23507
18157
5692
9595
17811
9779
15027
9914
14263
29737
19369
24894
16002
21647
4756
9205
10613
9890
26838
28427
26736
6074
1148
22846
27431
21965
12835
6261
7212
18224
27402
19063
12805
21365
29271
5436
13143
17188
18276
13768
4088
18820
26568
28207
26879
25930
19728
24265
8457
11308
16197
8925
8021
14294
8205
22664
361
15482
20667
27988
26105
30113
18261
18876
1163
4615
70
1810
6030
7264
19744
4249
2587
24924
12297
9725
15794
7872
8801
8435
1544
27461
22132
3889
24295
18178
23888
10695
29850
308
8327
28329
16781
8876
1817
2948
24309
2810
6062
469
25138
27483
17168
3997
5891
17108
20357
9818
19512
14665
6985
8500
22020
14993
8038
19976
19811
15534
1464
20207
15859
22098
23807
18048
9318
4312
27895
13633
8418
13216
15900
16865
13315
1689
14298
4327
16191
18518
1125
15106
14394
24910
30188
9336
29500
16024
13606
14719
2865
5246
26923
5995
11490
10379
10218
1292
23234
1875
416
13369
2524
18727
8089
11729
9427
2104
1198
1999
28681
21478
24946
3216
29879
674
30128
10379
11887
27637
3823
20494
11639
16025
11782
665
28465
1565
467
3541
8136
23974
11742
24007
28826
2327
14511
8557
2664
28177
17260
17881
117
6338
13401
17757
24576
23827
29510
9796
10222
20568
3980
17726
17980
11731
27473
17957
28292
10048
20743
12900
20207
2807
12549
11504
2543
20000
10398
15830
14067
26
27353
12667
2323
23965
10142
15871
18603
28356
9312
20415
19106
13640
934
28247
19874
28402
24974
3723
228
16758
5897
15641
3244
25621
15081
7528
28449
11950
10592
398
23877
9163
21993
15403
17090
12626
16372
14543
12386
717
5083
18694
1391
11782
22217
7893
4364
888
23552
23940
19144
10313
16811
14679
20537
3962
27311
20421
18596
5414
23054
16503
28182
3071
23997
20893
9196
6997
21980
25594
25644
21211
12454
16812
5509
11951
13052
19358
26400
19555
18643
20866
9653
13413
20424
1641
18319
11682
24455
5713
5089
11242
15099
28289
5410
17431
23967
1138
3271
21917
23999
19555
17087
29538
883
28704
10418
22531
7315
20442
3886
24328
28983
3468
21583
7821
6610
17554
13303
6149
16750
8039
22834
23747
21630
24178
19884
26365
1963
30006
10211
20433
26349
20953
14896
10244
17864
11751
18981
6282
11068
26366
8107
25187
26732
9398
27352
23051
21099
29986
2595
17629
8007
8129
8076
3418
26775
19612
2535
7554
19320
25043
12288
14742
9932
12742
11777
3800
22950
12603
27249
29173
7197
5200
2808
28565
29845
16828
17471
13778
20702
5625
16790
497
4515
18332
24236
12549
9860
19032
15546
20475
17359
27909
5277
6255
18136
23986
4848
344
17111
20181
2384
23766
29647
26313
4087
17470
21096
14634
26411
12015
29787
27023
1349
12864
9635
11647
10048
16683
20681
24331
26904
9064
7110
9329
23430
3046
26799
10837
20832
12285
23774
18953
29520
7449
17181
16259
25457
10178
16540
22380
3247
1297
27954
17472
5195
26015
27171
1343
29449
19099
17028
19181
11718
17404
5023
18943
12821
5982
1532
14192
19342
24082
27011
13229
9374
8409
24213
24465
7383
194
4221
18474
21857
25357
26039
27905
4565
9801
20687
7065
13947
19115
24481
9064
1109
27290
20195
7089
23429
18986
14824
920
11415
5450
19109
15856
2045
21146
11073
14989
7178
19002
4479
10495
15546
10244
7886
29777
13100
2656
7653
8152
4609
9435
12532
4740
20413
18348
15623
18892
28038
5303
17572
6737
7474
20749
18521
8543
15931
24867
14539
5141
23341
12581
14624
10455
5963
1723
11018
12427
24353
21469
28064
29089
1062
14074
16819
2969
13213
5470
27627
15981
6946
14320
12879
22244
11115
26270
20027
28631
28540
7355
24377
19831
14442
14656
29657
10563
1129
10979
11838
28206
7202
23532
6287
425
5693
13514
5543
6270
27741
4738
29593
5854
4684
10240
29809
9466
13777
19070
4426
12260
12301
10042
4933
25935
4592
9214
25779
10048
615
26925
18297
3939
23729
10200
18503
25794
7173
1528
6044
23522
25675
1814
4099
22060
4676
3307
4470
881
27947
15240
2968
16164
8549
8725
20450
28270
27253
5913
10798
26020
11333
28873
12064
1012
7864
10563
19642
15644
702
28782
16125
20903
6834
24433
18289
24725
5801
11384
22115
2266
13905
21864
25854
5222
6379
29766
4568
24610
4459
13361
8320
17127
11415
12317
5177
12623
9359
14754
6757
9267
23193
15463
5842
668
15539
28489
2252
27619
29878
22986
16731
6904
19042
19703
28336
12167
13357
11318
14175
15920
25496
12163
1643
909
12772
28250
11777
4630
21332
1281
24371
17564
23945
1825
918
12321
27819
9664
5341
21082
9706
13939
16449
21871
5395
2737
4621
28202
19260
23890
3061
20869
725
15790
18671
26609
11919
880
9504
10744
7425
13667
9820
14375
19665
24365
14308
5117
24699
11282
5880
12339
12386
23008
26139
2930
22571
6452
28034
25753
20089
29317
28972
21899
17126
4008
20750
8493
7792
19843
843
26275
8159
5543
4311
3633
2365
29214
21439
2816
2628
8989
28383
9017
1691
11583
16599
22967
13119
24165
13646
17156
25375
14095
2514
5840
3014
10817
24693
12758
5567
5660
24730
21744
9230
7661
8161
21305
25152
17578
7150
17989
27865
18279
23050
29417
26712
12384
6717
24281
20706
9398
5065
11793
3783
17038
16708
25638
215
12764
15588
23987
2969
10090
26769
8982
14109
17998
12317
24491
12456
18387
25693
8364
11980
1998
14081
13327
21363
28183
15706
6585
25555
11046
24408
7126
19407
17667
4768
481
17775
8013
7661
28986
25620
3129
13448
17021
4572
24256
2294
13371
4192
24395
7135
20840
7102
27444
7926
6088
22789
18882
4704
23134
2652
29116
23138
6685
1904
4908
23067
15209
9409
23917
19312
3886
30213
19325
4728
20209
16384
10253
27737
4278
1615
11668
10984
8571
17855
11566
8222
2800
11894
6632
30093
6973
21148
10411
6680
7131
25802
28151
795
28533
23477
30073
29079
114
27414
25861
29939
14948
21002
12403
6289
8982
23802
3788
28806
14015
3553
29208
10161
8680
29244
1153
8884
28333
20095
27285
8623
2770
9329
11331
26162
24799
25797
26708
2031
21359
27741
20086
16156
25772
17898
27972
2210
20153
7375
165
22682
23413
10535
25336
5436
9619
11102
26725
24226
16628
11015
17116
20890
9569
7915
6288
18641
5486
20964
25539
19997
158
24904
25650
3788
28362
6742
2080
20017
15892
3308
17737
29443
3425
11159
26558
14940
26725
18719
7966
19378
14714
8027
24841
29680
5596
21809
15246
11098
18641
4513
20271
15929
23210
3563
896
16269
29496
24717
17712
11898
27040
4887
21557
16787
25579
14660
12104
4281
21368
15761
9446
27887
6924
10022
22921
16841
5100
12646
25790
7128
5146
14767
4113
15625
2754
14855
11855
28807
15673
17964
20163
14704
18385
6867
9168
1831
16872
25350
6282
4565
13180
2416
19210
14560
24930
13659
23007
4703
1905
4849
20058
28596
29387
23148
25121
1317
26213
5445
999
25293
24397
15051
17690
5769
18512
10863
4271
4475
23312
10495
13485
4519
15830
7269
19239
13913
29770
22271
13272
19364
22971
13419
18376
16335
3669
23471
22120
27786
27180
10993
16084
28902
22725
20933
9373
985
7224
12048
26966
28047
4212
330
11379
20271
15478
26356
16830
8334
19185
22055
3824
2982
16527
25937
23617
1782
21264
12825
22265
9558
23566
18841
17332
11660
15788
28511
1634
14504
4528
21099
7001
9822
27161
17597
14927
4869
23162
15285
5161
12016
11142
6338
17894
17653
21733
9142
26612
19869
25455
3680
18122
25052
2613
29808
17766
24902
24345
12320
3012
17618
24858
20141
29699
16564
19459
27607
3161
12314
27489
20648
21856
9338
12758
6723
6680
9680
19085
23930
25216
17318
9033
24784
15031
5429
3725
27293
27540
29560
10546
28229
27715
2699
3053
29568
18332
24093
20850
14991
16494
24810
7862
24009
24945
8400
12832
15265
9846
25427
14020
26452
6673
20895
16015
8088
19734
29752
1162
26070
29113
13742
24760
22389
28192
4761
457
29710
3446
29438
18141
11613
27063
24584
3070
17125
24799
10127
18138
15015
15630
30048
7890
7179
10117
28234
20276
11670
6830
25075
3345
8059
13023
19445
16288
5843
19689
9192
10238
22975
21460
4836
6673
9062
2280
26059
21712
8632
23222
25025
18845
18408
19641
11837
8703
29814
12329
19085
1878
889
236
13544
4186
15769
29581
16655
15833
23570
8929
28718
22946
24164
6932
1216
49
23534
19496
8375
20334
18930
27174
8337
5033
12818
27083
3421
16848
15757
13358
11266
12228
24643
12824
15252
24238
9981
11012
1421
9662
2767
28135
7372
12162
26824
25906
27700
2665
8576
1735
21365
7594
12314
3674
15013
3090
13235
28285
27196
23292
4220
29336
20990
25973
10574
2940
5001
21990
4652
13984
15588
18884
23840
11570
30015
25910
20506
15493
6235
15491
30023
13339
23648
22634
25799
16623
9010
13098
15121
26456
27261
18830
4083
18580
19724
8504
23588
25934
12864
28388
17383
9636
16771
3158
20760
9637
5984
24271
25589
15441
12399
16629
29204
5642
30157
5520
21840
15052
16376
1810
10468
1631
24377
7844
18023
19851
23764
6069
6896
249
20333
17451
2921
14579
15450
29108
7565
20033
12101
9357
26227
18701
22811
13093
133
9007
11353
25691
483
11212
344
4697
101
5383
22818
13926
2039
28662
29009
29817
14350
18837
10920
18117
3261
29556
4758
27945
11052
13435
16144
7373
2470
18166
6747
10112
38
6663
13884
27916
23287
21831
21794
10863
29144
2998
24385
24904
4192
4670
7364
6824
8524
22021
5930
9478
4988
17988
19582
20108
13821
19507
9839
21645
10449
19037
24052
8845
12523
7391
19721
8822
29325
26473
24243
9438
6410
11765
15995
24972
836
19295
26049
20203
19953
21402
19229
11696
28376
7750
905
10023
27881
6289
27176
19208
3865
2571
2786
21107
10862
25925
20153
26576
10880
22523
7676
2373
11229
7736
22600
2841
26541
22860
4103
14417
18148
18212
15810
26058
7456
4865
16804
704
22325
15711
8492
5705
24729
16801
16749
13461
28229
15300
15229
17139
19225
23811
23544
7059
1341
2040
24284
450
18771
15917
688
26579
6830
14175
3187
17566
1287
28194
9545
18553
25048
18225
25940
8463
14717
6601
29858
14048
21122
20649
10845
9552
9700
22781
9151
295
13284
8049
23545
9496
3043
25028
13634
27618
4520
14710
12621
15407
9026
10939
23935
10034
1617
17370
8806
4279
18924
27993
25348
15948
19220
14961
20985
9305
8068
26351
18656
28005
2494
18544
26209
13353
10886
7573
8901
26287
683
29077
17229
17311
895
19223
21861
28028
4862
11201
590
26066
18168
1998
12135
23724
9019
26724
21923
4382
25760
19667
10044
25147
28282
15381
1317
24140
27991
8318
8980
18420
18704
3486
20949
5661
5441
12790
23035
14376
24647
21293
27379
15966
9039
29144
6949
29683
18036
11284
26970
2784
18491
20689
10774
26448
14095
21344
27335
10145
18870
25596
21006
5180
20163
4313
2247
24243
4793
807
4769
14888
19086
20678
1454
3684
9433
27712
27371
18151
15923
26134
13341
28012
9917
17466
21915
2766
2608
29596
20490
8739
5727
1112
2042
29395
24364
4958
215
21462
17865
17265
105
6440
23587
13466
13181
21938
23517
25748
17542
25026
26682
22577
21884
8398
3809
19969
15937
20886
20687
9211
2214
6520
7247
13456
7669
5
22463
27444
12433
7997
29510
17095
10279
29415
15401
13698
24566
8292
20175
27857
25522
17540
28855
8666
14259
9775
22789
28132
23864
22719
8776
12907
17754
9579
28663
19154
1214
21688
30000
29508
15466
22795
6652
20298
26011
5990
13800
23856
9953
7320
22907
20897
7451
13964
15786
17854
3147
15838
16565
14330
9681
28970
16633
2649
21402
25468
15633
5576
8607
1847
26941
6554
22465
17396
18313
29969
1023
772
2290
11096
26791
16030
23045
15980
389
22725
29795
27346
19374
27233
17732
7914
6831
21357
12677
3589
19487
16576
13034
20685
9912
9810
17552
22149
3816
24233
18304
14551
19747
18679
13444
9738
4047
1989
22415
1692
8863
25800
11979
9516
18730
22253
27551
9029
617
20176
26279
15753
2987
14927
9737
14477
28682
25123
22153
22567
20051
7737
4849
26255
11553
25075
15715
29712
3790
23719
29917
27641
6557
20728
11560
16617
13298
29430
16925
12860
15480
19491
8688
29245
15090
11188
6746
26799
22196
27103
6264
20498
18151
413
2760
5395
27661
23328
8081
9215
6832
6997
7488
22565
29530
14293
9629
23307
6449
2728
4480
22444
29150
20988
2513
18803
19580
18627
17074
26486
947
22859
10105
26686
6722
2800
7970
25595
19223
21516
12415
3384
26874
21171
17560
1952
1079
21337
25799
12252
2586
13201
409
1765
4943
22168
25735
12600
24060
19300
10861
18880
22068
6729
17369
13960
16347
6931
8976
28479
22455
21871
24458
27424
9394
17458
14630
23100
28071
17352
27449
2098
9270
8841
24244
23134
8319
17823
26214
6051
10644
6645
11494
13014
17052
13579
5557
23812
9188
7595
3029
24357
11140
2756
848
11468
13548
9959
24715
10521
10267
20707
24421
8683
8775
12309
27525
16436
28286
10867
27990
7047
15966
24183
2671
23391
1688
10106
9598
6317
22685
22021
28896
26469
12090
1598
27183
21393
18014
27979
24796
1980
25907
5715
22210
201
12780
16229
16794
21674
23467
11545
28231
24561
29356
8997
8590
24981
30047
10182
16814
30083
20005
6717
5314
13437
10822
12027
28253
17798
5587
1086
21999
12763
27498
10724
17715
13634
7143
27989
28848
671
27858
8560
8918
15523
17934
29493
17413
14565
7378
29566
13232
20094
13677
8240
17660
7977
11567
3582
4383
19063
18625
13519
4976
6235
15281
17676
13752
23970
28910
18473
6860
5268
27545
5257
25977
30132
23524
24237
3117
3424
6295
9361
25637
2953
26873
1373
5816
9235
28559
13405
15355
8469
7168
17895
14485
16783
978
20255
27307
10906
23959
23911
3437
21339
1364
7871
22349
11907
9671
26253
273
1215
11029
16688
4562
19058
17505
7133
15267
14750
13141
24376
16210
28112
24572
12185
15690
28747
21317
3940
13663
10058
10075
456
3800
13871
29450
1654
6274
7592
7377
17716
10520
29898
1852
8218
29352
16755
16388
20676
21979
30158
20124
22210
6448
8157
12574
14053
2401
23719
19986
1785
2602
10938
29569
28011
19042
11786
25194
19717
23257
21049
7556
15655
8870
15576
23802
26015
21975
11894
7990
28204
19139
13115
3378
21918
9550
15658
17674
26723
29251
23251
1669
1567
470
15219
7449
26822
20783
19963
26935
7629
23931
22729
23693
11318
20805
26512
24309
16870
29303
21895
16929
29520
8373
29827
2059
11505
8421
16197
12895
27533
23080
10664
27688
14017
21489
9820
18828
18856
26878
4980
19565
13066
28364
22078
968
781
1714
25302
30131
22409
11569
20063
27979
19135
10841
18438
1005
10339
13951
11458
29951
11675
21694
14249
12504
5762
4711
12600
7158
16284
5829
22847
26442
12885
4689
5256
28096
12974
14381
13723
24738
7788
26692
24570
2963
10058
21642
17823
9971
246
30018
13111
29304
16149
9352
21893
24565
11795
1868
14730
13283
19466
8984
16588
27788
12862
16974
13186
5668
18981
5799
1365
28360
28666
23298
14747
14948
20311
18259
11970
2534
14827
8142
16653
5688
19771
20180
17379
6510
14213
6974
26600
24294
12783
21124
26763
18987
3365
8643
945
11009
12457
20391
24965
5022
1271
27410
4972
17240
23512
18278
14092
8640
10573
23051
11888
8754
15145
17727
19423
12319
18518
24305
24763
4146
25605
28327
24650
6640
19879
9382
20289
4039
17597
28772
5179
24775
2653
14629
22762
29575
24748
12430
1228
16566
17521
8829
30183
24029
20821
9923
29514
6124
1914
11207
1712
1781
697
13114
16742
8429
14407
5112
5748
12337
22909
22852
23645
6257
12351
2549
14406
8713
2953
23021
18541
16814
13518
18348
24228
11585
8382
4681
20227
29835
4464
14229
27374
9067
21396
16076
4243
30005
415
16117
16722
19335
29586
23529
18607
5071
25039
18433
28484
10431
1629
23356
24036
26015
17171
18247
1149
2663
25007
11921
1924
21030
6382
466
23837
3616
1723
29132
5108
11889
6460
26834
24925
23847
19553
517
3537
1109
23009
27972
26704
7107
7162
25832
25326
17398
18357
23821
20844
520
11564
25865
28620
28120
21719
2376
9862
18736
8290
26893
29989
12252
12960
19904
18002
2390
260
2214
6517
24710
13564
22550
13106
20355
11945
28873
12495
18342
13672
28380
2944
3222
25902
12379
17902
17076
599
2487
19263
27911
14341
14324
15911
21134
7512
16744
6622
2664
17825
19947
1677
1616
25109
17959
18516
25875
18356
17715
9090
23858
28718
17034
28963
17608
7548
16591
14346
20835
29208
9983
16888
29198
21296
26039
13411
2087
28801
5900
7459
6497
14043
14046
24740
772
906
25676
20203
10934
14542
15386
7910
26262
1124
3984
24803
10492
14065
20041
11142
9714
7036
5219
21268
25056
8166
7441
9138
19767
30216
8380
3185
11775
17066
28680
29431
19752
5016
7058
10019
18847
5702
23228
3389
26158
20818
10431
22512
13280
5422
2485
7017
4512
3624
11643
21318
5354
1607
19521
5742
17903
22379
6827
5194
1370
17554
25787
5364
19313
24813
2900
4417
17391
2647
14005
14589
17214
9505
17550
2113
24311
18312
20084
4199
20418
11593
19743
22475
29700
29275
28395
4731
29014
15184
12935
15438
8659
26463
5290
5452
17380
9682
26246
27336
17707
13626
8743
7538
22521
3367
16028
26407
28104
1156
29366
23920
19195
6431
28469
12599
5526
18709
28130
24791
8173
13909
14269
8544
10317
7497
15239
19296
8725
23797
24634
14680
21511
53
11132
24202
20580
13725
7652
23272
16446
5120
29367
5216
1021
9713
23812
1378
6819
8629
2118
22668
9821
13565
24269
27627
14452
7050
27343
18446
2338
23678
496
22444
20581
23928
11651
5961
24796
20542
27237
11394
28116
26915
6168
4569
7074
25524
25825
4505
25660
14916
9976
9513
23055
270
29453
1347
9039
2201
12090
1707
19299
7524
25079
15219
21009
21276
7203
10607
25585
9635
8163
26000
20701
9399
3579
22890
29496
8507
14381
12946
11319
3934
11482
28024
27569
14794
13669
12664
7115
1855
16109
25131
4613
3261
15146
26906
8471
24592
9325
21069
15999
248
12818
28612
10069
17373
606
17627
22434
11948
586
24145
25054
26232
1706
18430
28922
1761
2081
12044
20632
11473
1953
12331
846
18198
16270
2516
17828
8147
9213
24486
29120
859
1325
21368
26509
26223
8191
21007
19468
18905
14401
17447
11410
24279
23656
10450
15466
27425
9519
4233
13205
26024
25890
23633
1956
26477
28366
15369
14382
20541
6506
26832
27733
13953
24035
28559
6562
29379
8166
20502
10662
30053
10380
21546
15473
8169
11274
23054
4958
13011
6282
10216
16302
10271
25115
13679
3556
23109
125
21573
24371
28865
28738
6853
1595
27288
13997
3167
27162
8239
6048
25565
15825
2710
14603
9962
29142
2217
19366
20182
10627
22457
14354
22894
8224
20279
20139
6186
27610
8334
27062
17488
6283
20991
16078
22833
22962
2972
9310
1252
22306
5056
1558
26087
357
8325
17576
23373
2069
28387
17495
12941
7579
16827
18047
3393
7572
22673
8813
27397
1742
5277
1143
11312
29516
11861
21633
17684
22403
25378
4556
6434
22653
21328
9149
6592
6876
26591
19536
12477
10649
20271
7795
28751
4448
19851
5834
9805
25725
21424
20599
3471
3457
25627
23558
11839
2034
16451
15026
29636
23598
7548
30224
7851
21764
8624
21747
15984
7699
13097
7568
29750
13484
12958
28843
28456
25516
21535
13926
17069
10711
11393
10341
18912
24766
8105
28356
876
11438
7501
8655
30208
10204
3662
13672
17893
5549
7120
20438
10791
25899
14183
14432
15847
23292
26397
15000
4428
11581
12900
25337
2178
28177
19386
16088
12687
12837
21505
10974
24904
21954
5152
18663
329
5652
28566
7790
14078
3242
7983
19368
19423
27926
25647
19236
14900
15998
6534
13198
2480
11249
5116
24453
13390
2739
7965
12947
16225
7401
14927
10993
14560
6998
8538
17788
196
26884
20758
29377
10841
8680
23179
27472
9245
11411
11137
8864
2223
12061
511
9976
23180
1611
3032
27951
16226
9076
9777
3593
17181
14026
4955
29413
19817
5016
23935
8079
1208
22035
1455
17816
2851
23361
27273
24139
4107
26255
715
25623
10992
27605
21655
7062
16104
8371
16006
13425
2600
17348
17477
27493
21318
23261
627
1396
3465
6487
2152
3127
27816
22867
27564
29365
24014
3109
20302
1825
16545
2084
29878
10143
1703
19351
12327
464
4130
27473
19868
9548
12856
26171
20075
27269
21915
6440
21563
10246
11224
1303
11631
17389
3439
15658
22331
743
22135
27477
8679
30105
30207
13856
25334
4480
13642
16986
8360
11437
16410
22862
21737
14021
21205
14499
26756
6621
29388
14077
29799
13023
24668
6234
24949
23882
25427
12782
25101
26693
933
12205
24807
26439
25718
8159
10521
25674
21176
14325
16122
27688
1291
13448
25748
12356
17459
16875
20108
6874
25039
12259
19727
24406
1528
7057
23869
30126
16492
12669
28161
14972
28838
22774
26681
3999
3543
22405
611
23739
14045
2154
28552
9834
25516
16144
22743
5561
15120
10963
26890
19155
451
6250
3508
2004
24710
2467
20667
27776
27113
22203
12612
14173
995
6226
26147
5941
6489
22288
27801
26201
6160
10175
11347
26321
24221
2566
5839
11004
2491
28512
14521
23783
1908
10353
9753
27128
15616
26148
16052
7182
26617
14564
20783
24295
17710
19763
15648
4818
25538
25524
18825
12957
27674
4549
2750
24267
12901
10335
8765
17595
10735
8974
19273
5511
25557
19922
8666
15488
8829
28153
12208
10960
20133
23839
15214
3843
23797
6004
18341
5282
4309
10202
7385
20218
153
23659
23956
824
2608
24204
22428
22446
8889
1068
23157
7386
8363
6658
6444
7744
18643
4948
2494
1108
30165
14417
25296
13792
27354
26382
5323
4412
15141
4163
27088
6538
8804
29783
8928
13513
26851
22477
26151
29243
28825
24406
27034
12494
18133
27674
6589
7864
9309
15734
14080
17962
3804
23866
8675
18828
13580
15404
1896
9318
2451
25359
25565
28961
2449
13127
11431
11096
13863
29216
20896
85
3464
7335
13107
14886
13180
12063
19919
21024
28564
11654
25532
30098
19225
29807
19035
2810
19643
19598
13191
21612
4912
7371
3262
22126
20583
29153
15459
9356
17285
22710
23442
12400
15839
14082
23448
11331
22575
3469
20428
9674
5895
20718
15631
7347
769
19408
25173
15719
20004
13195
17268
7043
26185
15506
4087
23519
7450
15243
20063
29506
4642
25145
12150
25170
26976
20895
18717
5470
28131
25124
22254
21840
28737
10462
14217
16452
1917
18111
2214
30188
8733
21139
6106
8721
8704
15812
22767
2584
5192
16491
17937
3387
21157
14847
28644
11782
27625
26221
10587
24275
27227
3812
19339
9167
12769
2038
14669
2543
29497
26252
28337
21728
17084
25830
9784
6645
4438
12632
27007
29490
13825
2451
8254
17183
15632
148
902
21611
7512
13893
13696
11221
18660
18238
18462
12253
25409
19219
13843
5632
8260
21817
10199
12564
19584
17007
10695
20124
29066
25840
16595
3321
5289
8774
6915
10337
21791
26433
16912
29605
24756
3273
23049
9815
228
941
20197
29480
16162
19110
15430
14186
5424
11253
2989
5460
26120
20246
13966
10586
6790
8163
30042
29619
1334
18794
29301
20526
7181
243
13108
12469
14695
29918
17795
16683
11671
9739
20671
28768
9278
2115
6849
2099
22033
19939
10239
25393
1559
10109
29145
8146
24304
16634
3125
2187
13587
17278
15497
15604
25759
27008
9521
28536
9671
4943
24763
11947
25400
19069
19229
26355
22265
13213
25282
3504
1674
23315
6813
1121
12530
8244
2818
23522
21919
12213
27724
20260
23694
11452
11095
22333
15064
21393
3862
14915
22584
20526
7616
1648
27537
27900
1886
20579
11162
20660
5409
16268
14732
11294
25809
24623
3552
27134
23220
9646
24345
13526
10516
21552
10663
15198
12237
27996
25875
7399
9511
30138
6622
5252
21730
19517
3800
3715
25571
29633
12133
7048
28409
24514
3752
6252
27790
9258
29549
16488
21206
21080
10483
21407
10125
29174
12680
2340
19876
7768
8783
29529
23167
19241
26640
11905
22154
11605
28043
16939
2617
19578
2619
8904
25422
25085
14314
18773
19680
2469
25647
20592
15260
21822
2897
25795
20802
18365
475
13798
6976
10605
22854
5895
18603
18987
10135
16039
18104
7391
4467
14126
13581
20113
22392
14566
2953
4233
14828
16986
17812
7960
14376
3192
22244
21865
27476
8107
4843
12287
26212
27143
8904
9854
18507
3003
22778
9283
2061
21002
12492
11753
13324
7255
7103
2206
29793
19610
21982
16298
5622
21809
461
24796
18610
29803
621
21769
18088
8566
17056
53
23230
26651
16663
18159
21468
25450
8006
19560
22890
15293
12092
14854
27546
16539
18067
10559
3729
25280
8224
3871
18116
18822
11647
22100
18080
25918
8536
29885
9572
16119
10235
19193
25576
4009
6619
12043
1749
29671
11895
11061
10954
5489
21489
16849
6356
24539
24343
9966
9656
20260
11807
18823
26989
12941
13228
3584
27539
13696
4758
16873
15493
16243
11276
16859
10004
8790
21684
18011
8352
10352
15309
10178
29808
6679
13952
22396
10746
22146
5188
28540
21316
9087
8910
17489
28840
28921
25033
6849
23545
24075
5419
9913
26732
398
10865
30045
9246
2524
28896
14018
16719
19182
25243
27715
14897
28671
14247
22820
19574
1246
22953
17609
3871
23558
10407
25065
8994
1575
29389
16847
11824
26303
13340
7712
4598
3302
25997
5134
20288
3476
15702
12289
28257
6434
2199
20559
24076
7008
7278
9521
12606
16285
23913
15968
20881
7347
21368
3711
19848
28801
7376
13263
22862
773
7291
11815
12900
5337
25587
26427
11422
28859
1595
22831
13314
4268
27871
16887
19712
1523
7594
1273
29799
19853
15115
13613
27476
7414
2914
23357
8886
28626
26855
20688
20493
23543
27233
11513
26152
23114
11056
1395
15787
5672
1488
20777
19142
6299
1882
16294
16203
22478
12759
12961
13547
18540
5535
28090
29568
19467
10714
25964
8091
24560
3342
9783
26607
21239
22853
20828
255
241
27252
11081
23823
8771
14938
26890
27143
8217
29996
30041
9339
22457
6331
1630
13490
29182
11934
21985
4699
17418
19142
21300
4898
15020
2538
1194
3576
15033
23655
24374
1719
21037
25075
3620
2625
8815
24106
11707
2294
29212
20161
19977
7512
3951
27962
18780
13642
23558
9875
13162
16028
22837
4860
29162
11822
17687
1168
1414
3128
21465
21760
1520
18756
28529
20688
17824
18651
29989
14613
25411
12874
26095
19179
15793
19380
7665
6706
8824
15913
15059
27280
2550
15595
21123
26953
23471
18498
2778
19083
23096
1485
5378
7012
29362
24491
30070
21971
20314
17121
19841
2896
22319
285
5070
13908
15840
15632
25914
23515
5434
13308
1356
15850
18078
4833
4745
13169
28943
28088
160
24576
7500
786
23635
5185
27447
16288
4887
29391
15882
10830
13932
3171
20307
20067
13439
2160
18631
8342
14893
29657
3979
3978
6395
26851
12005
1734
23406
4456
27289
2880
11324
5621
5652
8926
25362
21696
620
23854
6091
5721
7653
669
24802
15987
3014
2332
29688
23304
16716
7979
18688
5901
20958
5762
13566
15986
15514
27851
2376
14025
23816
5204
7567
1552
20274
22943
26161
7949
7970
22448
13975
29171
28625
2857
17674
4676
26365
17010
16658
19391
12239
20029
12876
189
20831
27398
26184
13451
2108
26074
9554
16902
13066
17395
5148
28560
3766
5271
22399
9545
25261
28275
16970
26650
15041
22869
28109
6293
24
3581
21683
25941
14062
16187
14663
20835
23928
28662
2803
356
9401
14226
325
14847
9153
6149
500
20383
8529
17396
24597
13053
19736
15343
9931
9719
26278
14465
265
21039
14277
19886
15269
16378
26665
4079
15236
2462
28205
21958
8345
13958
16842
25554
17997
27234
20207
9607
8773
8984
24405
25017
14204
9092
10141
10875
23501
26590
3450
26382
16215
11497
17647
6594
1101
11245
14979
20462
1822
9370
20835
7774
17635
10751
28980
8095
29685
14843
12012
164
15595
26791
4849
23244
301
25718
7673
2809
5600
2137
18654
12281
17869
13299
17434
6970
18179
9617
23078
25332
6401
2845
18605
5235
24085
473
25887
18697
17198
20282
19265
25801
23158
11663
25531
13284
19772
25948
16816
21587
27556
12938
15863
8538
3254
3588
12383
15004
26686
11542
1770
4616
9513
17311
16181
13658
3957
1353
17423
24776
24469
6595
21155
30226
5550
8445
27013
14774
29990
8022
20231
29201
6873
12697
11434
17014
15212
7237
6454
27513
25266
27551
9484
26362
22360
4631
22311
7877
1766
878
1224
21427
21646
29047
23345
14041
8259
22670
729
20795
23990
13975
20479
21051
28923
18021
4200
15187
27971
16423
8573
6209
21859
8704
2257
27554
29780
15395
21451
6462
16872
6131
22176
3040
17059
7638
7234
5684
26029
28388
22785
28016
1423
14238
27940
10184
18679
2008
23845
26445
21054
5499
5306
2827
25177
19270
23170
27069
24836
12119
2544
19688
27195
11535
29368
10163
13487
1487
9158
29792
16134
19583
121
24348
21748
4821
14541
19201
17920
21111
11785
22674
10361
15910
9818
24833
27681
16476
20068
13358
10316
25853
12165
8765
4133
2556
4880
17094
27703
24088
13100
24031
11983
25295
1432
5563
14013
20962
23443
28901
17548
8265
12270
2846
30222
16635
14238
6256
20941
20601
26352
4755
5075
22779
26992
10171
19313
19724
25823
5629
7368
17759
16532
5682
19664
14453
1426
5206
1157
13041
62
21296
19138
9393
25835
10818
25178
12234
616
3655
19022
26244
2996
29892
14658
2937
27529
3138
11801
19886
28201
16329
26875
20673
4461
29769
679
29469
8317
6784
7913
9237
6843
22101
18537
17022
632
9091
2086
3536
26436
18163
16052
4377
4126
11963
24172
4133
6972
25699
4402
24168
18143
5914
10849
1106
28149
22823
26608
19164
3275
22356
29010
21858
13363
3853
22429
10156
8312
10223
26305
27831
14953
20621
19021
21168
787
24472
28793
3474
27611
25334
12538
7433
9094
17433
15913
1530
15287
20087
23838
18853
8879
25884
18559
26268
23726
13493
28877
10902
2014
28384
5475
19981
20546
10971
13661
21633
27992
25332
13373
24962
25778
25140
12106
8713
26115
22098
6593
25808
10691
8864
3471
9626
29039
28779
6030
5999
9537
17423
5080
12482
24573
13268
29383
22650
10574
19130
7599
29224
4954
13231
26795
3038
29845
21242
21901
9257
7609
3150
26205
5883
7511
22702
23495
165
21030
12660
28398
29347
11571
21021
27123
9348
17263
4107
16371
14057
12256
15934
7641
15933
12276
26243
13540
20514
13628
28029
163
30028
25226
23305
2514
12903
3478
5340
15219
27054
26856
28449
4094
4773
5875
14123
13713
24027
1897
21027
10562
29738
20879
5806
4585
22039
5647
489
24776
13865
24152
3682
12745
27111
5906
24928
6055
4087
18246
19344
22179
12092
11456
11310
29280
9783
1983
17561
17673
13545
24374
2369
4464
205
26950
21109
4754
25465
1000
6072
23912
332
20377
17250
17239
10056
19045
25607
14457
15706
18733
12286
25409
18564
2223
8055
14228
12751
11801
2866
6559
28279
4308
8237
23509
8181
23028
28820
18210
1819
7454
3026
2787
28480
5967
23338
18526
25129
20770
25153
25382
29431
25541
13433
20907
12245
14006
4011
9525
3626
26794
18290
26429
6476
13325
22378
7517
17865
14371
10748
14800
15017
9995
15738
23690
24295
26797
13068
8110
26755
23624
6286
27494
10754
18747
23626
8483
18201
5696
20049
8833
19028
1612
2673
2698
1365
20040
22959
14453
17838
23756
3560
14028
4761
15750
19661
21687
2241
19706
1057
16953
18867
4779
2999
28971
4070
1864
28499
7182
25972
11425
785
14464
19760
17208
24645
17548
21246
23715
10827
5907
22380
23143
24167
19997
10260
24619
11560
3946
2955
6728
6458
439
26093
3235
6399
6391
13425
4003
2077
5683
24234
1271
6681
8127
12869
7759
2300
14239
26813
532
11199
7674
5117
24482
21306
21142
28141
13905
26700
11456
339
4592
2523
19872
19136
28351
8426
24898
11399
16809
28424
3062
26497
8432
28320
714
12861
10133
870
11732
20769
18805
10132
11626
13619
10338
4066
13111
912
13818
17161
14761
11884
5005
4555
20014
9641
16178
29119
6576
23236
20687
7093
12479
28343
18019
24978
22317
19546
13037
9691
11525
26873
21457
6151
6165
20349
5012
15019
10201
23270
18801
2182
24785
11491
30056
14911
24585
18991
7358
25921
6616
4793
20867
12973
29137
18916
9020
27919
29
24742
4019
16296
18164
10829
14718
19649
9624
7383
10011
2228
3738
21058
14399
9035
19438
22745
5161
2572
8407
21398
6872
28047
8037
2139
3110
8711
17945
10730
16663
18919
5602
4229
15026
4993
3749
3833
9369
7037
5229
11196
28628
18030
2550
16153
7764
4387
13395
9142
4290
14478
22906
17424
903
29036
28890
22355
28883
10618
5095
30206
8983
3146
25217
5136
21211
4482
6009
25569
17930
4056
18041
512
10351
11364
23104
20477
59
28735
3725
17514
1387
24324
15925
3064
6533
17932
13161
10730
7297
5907
6109
26510
6865
23162
11246
6897
20906
5098
10296
1530
22103
12892
2928
16750
1564
23217
4562
18552
22602
15393
26725
26769
20632
7763
4412
13723
23107
184
257
6343
1321
5747
9856
6835
30029
10257
21505
17361
7134
16516
29571
28989
2008
17694
8257
29469
27033
23857
26465
17354
8600
21191
13133
11823
28732
3528
6848
19515
388
1322
5860
29407
1331
17968
10607
19942
100
21955
2613
6911
8858
8417
18574
8860
29874
8812
6170
21898
17193
24268
10034
22900
14457
10079
3990
13534
11921
28825
13126
4713
6017
22219
19563
8
22998
1316
446
26699
12252
25753
21023
4570
1479
11684
5139
24052
16842
4640
28953
744
7090
17824
13839
2851
27863
18317
8692
2235
24108
19130
16010
12855
12143
974
29357
25495
16952
26125
110
11208
13008
10526
25568
18226
13151
29445
959
7958
28626
30121
27358
9274
24958
9825
27772
12174
21035
19499
8438
22238
19470
19137
16417
16130
15701
9061
27641
20665
14345
22084
20056
23668
14214
28141
2306
13707
21572
21757
19434
10275
664
6151
11947
22984
15436
8715
17207
20047
20173
23590
12220
29373
22170
11084
19529
12010
14640
25193
11093
19958
23611
16329
11568
3026
28252
15507
23130
14976
29890
26663
3755
3742
24350
6085
20038
3435
10482
14950
22668
11646
29627
5714
11151
1795
20800
11985
335
27050
1508
29368
27144
25650
14315
9621
26809
13489
15058
23279
28926
15309
7195
25911
17986
20428
22988
8107
4336
15348
16466
15998
2715
17174
3116
27306
987
20359
17451
6447
25617
24527
5810
21435
29184
1623
13189
20316
127
699
17870
24553
15342
13238
1527
11993
19528
24631
14428
6045
13039
22852
9850
7013
4326
9932
3430
8562
14869
4182
27676
6616
7544
6115
9333
25406
28745
15070
14224
5538
7469
27976
13042
374
4291
15209
23788
29541
12886
18381
5298
25994
10099
6972
9816
20730
4523
28011
12601
16572
2818
29506
7518
17247
1115
16109
5815
2471
2357
19136
26943
21527
16976
5207
1924
94
17663
6061
28314
12986
24262
20250
29367
11417
28868
2385
14420
29046
19913
11987
2639
24001
13900
10506
25112
13364
3540
22837
15093
5352
11196
14730
21650
17709
10640
22838
28597
4248
16311
1161
20999
3555
22319
17578
21870
19511
5824
28577
21016
22636
25760
19972
18586
27476
1111
615
1670
8522
5739
21027
4832
4898
8685
7443
15891
4384
4197
29430
8862
12016
24955
6782
25049
14078
23628
7652
24858
12122
1164
13501
17381
9706
7641
11425
14946
28079
9781
2045
29527
21972
17865
2204
20735
3038
7577
5653
26557
25111
22688
29699
6388
13301
1048
29709
14160
16369
25480
10537
25127
28565
8751
10909
12087
29279
15307
12578
859
109
3349
25192
3967
11216
8454
8320
8217
1069
19915
14640
3204
5033
21377
11826
9779
11759
8975
22685
18506
29031
7516
27693
14368
28789
500
224
29372
5249
28992
3306
3955
29406
23259
19233
16619
20784
22606
8761
21133
8509
20252
21040
25662
18142
5873
1302
14345
8711
19233
20043
3304
2211
29669
16520
6875
17814
29570
25543
6673
8918
9934
871
29441
9040
20608
2646
23655
16951
17682
21879
29546
17276
11513
20591
17594
24986
6101
29781
28382
1530
13933
17355
28788
9448
10989
19272
14756
22881
11549
8114
6893
24109
7021
18936
1912
5912
25810
26446
7467
18644
5606
7845
29457
12680
10574
18675
27441
6325
10341
9922
9725
19458
8536
19066
13915
28369
29595
1937
19777
1242
3782
3052
16375
13457
27550
2860
2671
23693
15138
4884
27091
28320
11126
12507
30009
10411
2176
18392
13627
12850
6471
26152
22290
13484
20047
10501
3385
16283
206
27064
29239
6420
17229
6339
18779
22938
27052
11195
6137
22976
10420
8362
22233
8366
16848
11929
25911
7408
25640
19555
26227
22491
17729
14717
2058
28960
8550
7976
22652
24647
13064
16388
19394
13362
9181
6388
23139
27763
29591
12223
26092
14196
25218
14213
22053
21235
9195
8970
15258
9663
30141
26882
19273
12788
3111
25712
6238
7639
14558
8171
1271
22411
23054
18970
14994
1692
8139
22367
9016
3783
21349
17122
17058
21616
29541
23115
16289
7663
16763
16154
5069
1808
28155
26179
14065
27351
2942
16099
22087
2488
15258
26417
17213
26786
14247
17360
22435
13321
21542
11325
13104
8114
4009
26055
10240
28456
1203
20389
27503
22741
15069
11877
18508
24722
18815
23056
25118
22689
4112
26543
24994
2398
7821
27179
20881
19411
13548
2371
27866
26580
15400
26985
27724
5044
12180
18936
807
60
19092
4390
1074
20560
30021
27934
20252
29811
20483
21692
24628
21550
19069
6372
17563
29945
13939
21746
17079
6188
14706
28265
5836
21398
19797
8236
9463
29472
6980
10560
29522
29783
1373
11695
27561
27719
21578
21227
20685
912
8222
23274
23725
22792
15640
16055
25902
25581
7188
25632
6418
10815
1476
29325
12068
16910
7323
19637
9170
17377
5121
19932
23797
12396
12385
16032
29781
23253
23975
9549
21232
9387
1402
12757
16540
12914
10
467
22602
18530
15629
20817
29148
29616
25658
21761
15249
21951
3777
2871
18991
23032
406
6316
26492
12052
27358
318
24895
6726
697
3594
23188
16398
25235
2651
28355
15306
24884
20808
26631
12048
2664
27861
16014
866
25044
25398
7756
16734
5688
9177
9524
14537
8247
2616
11788
19708
2851
16805
10949
20004
7858
13767
24038
5450
21677
20286
25493
16695
28163
12744
6889
18759
473
11545
24300
7910
11457
21466
7740
11904
26372
29873
29596
26451
25053
6659
20299
19465
8596
22502
14450
12653
4047
27307
12230
16944
4990
25308
19582
23178
19381
8753
23408
21352
23233
28065
27619
8368
7666
1901
18283
5751
25894
5381
17349
7018
3972
2223
12454
494
18281
29762
3685
21850
23587
19603
23463
26631
12527
4023
6722
5153
11256
22806
25061
24030
26661
16485
798
25345
355
17502
21141
219
7047
6656
29074
9098
26672
27073
24515
12957
23702
27373
26507
28768
25222
24204
19099
5263
2028
10826
12725
23212
29240
10727
9550
21004
3198
22387
21375
7821
14988
9822
13632
24637
16298
11756
29708
2651
8537
3380
12621
25245
15606
25681
7590
24698
13871
27148
25362
19973
16156
25715
19458
20177
11210
13895
28631
4733
10827
27732
1551
10263
17192
28114
24852
19471
15436
27815
14267
20284
15807
14820
10210
26579
15966
5511
27013
27470
17711
29884
7298
26922
14158
29854
23350
2552
21220
1106
18497
27608
7243
6295
17312
4139
27570
26371
22590
10215
4346
4015
10627
22124
16204
18336
15302
23017
12072
9167
17284
29471
16037
20030
11711
3932
19754
26154
12796
4128
27220
8431
16484
9536
13195
10295
5799
6743
27601
25672
8655
68
7948
2537
24879
21016
14456
14547
17193
22444
14714
25630
27029
3168
20689
22883
18343
15030
28975
6443
13984
23880
22979
7069
20705
20561
9587
15278
4213
12383
9581
26424
29551
2985
647
18259
3178
29038
14274
10977
2170
1026
29790
21973
17786
6108
19154
14081
20260
2740
1045
14007
21337
25502
15999
1336
14742
16837
22602
18891
25205
25990
4652
12484
5408
14345
7392
24585
29911
6616
11067
26480
25337
17774
2644
7203
23015
18082
23568
13175
83
19331
16563
28872
8577
5272
20744
28554
24295
21391
3982
1472
28396
29523
31
11865
23059
27307
9961
11229
18667
12146
18836
1298
16256
23506
11591
17972
29647
4393
4259
15675
21645
10185
17464
14153
2685
25961
24694
10753
6851
9777
6618
14289
14201
14839
5229
12643
10487
16552
28813
25348
22172
19915
21124
5164
23920
21186
8386
11890
9940
26545
20772
12440
28312
13974
17377
10573
13104
14285
16984
23088
1432
26473
13508
9062
20598
1664
16876
13157
18519
22199
27737
13487
27440
27496
6137
17882
17988
16591
12275
19806
12217
8948
2179
14321
846
25485
29388
21061
7263
29673
1725
24144
27595
24409
22206
9730
29360
2692
13108
15043
8807
7108
10145
29476
7142
18370
6327
26439
18780
8623
18565
5879
23890
9635
2623
9672
10568
2697
6420
826
23412
10303
26527
14699
22583
26959
16451
1782
26085
15404
25309
1721
21214
26417
24078
1032
22679
6576
2959
18624
9620
10282
6409
11318
19043
22604
20716
5686
8928
19351
7421
8124
12193
22506
25010
26916
28692
26382
4470
16698
20250
21681
14140
12636
1385
24362
20336
6445
23295
25401
19674
9925
30060
64
20287
4264
12881
6362
25033
29498
7618
4502
14932
26479
1341
30120
11388
11976
7152
4743
1330
9860
14382
17937
20516
25223
23148
8357
25693
20139
24133
8952
4943
11361
10100
29620
9815
16161
24244
18094
18434
1761
23959
13783
19076
22854
6560
28964
6075
149
26695
12418
20026
12110
28606
10117
8820
8866
92
12818
9053
2000
17138
15899
17217
9947
29845
10285
26014
13649
20846
3855
29260
4117
22311
7267
10123
1500
5687
26916
26273
4109
20768
21452
14962
5565
2712
7032
5310
28217
2109
12193
25155
12695
26365
21264
29023
6416
15135
26131
15940
22702
29349
12795
2437
20255
10068
20068
8081
28649
9497
28160
22831
1992
20045
5473
20390
8789
4796
29229
509
9589
11546
23750
15516
3788
10033
9214
12066
26768
2460
27068
1720
22580
19011
28635
22236
20786
19402
9852
5857
12131
12968
19254
19975
6718
22474
6652
26019
29822
22231
5782
18840
11909
14895
10492
16840
15032
25497
10855
1437
1609
6063
16112
5503
756
28951
23836
24402
8548
18908
11327
3349
24214
19252
249
14102
26424
24775
19759
2599
10399
12456
26607
12833
5736
10739
2371
25838
23427
1518
28433
25412
8974
12506
19723
9227
27901
4876
7035
27144
3857
29341
12032
4904
14260
5214
9930
10876
19755
12234
6375
26827
15198
8421
17286
30128
22195
26717
796
20349
3829
8238
13994
13688
17228
13561
21936
2837
12954
5199
24309
1258
11679
782
4533
6210
29992
2594
8024
22943
9314
12771
28763
20810
14256
20507
13635
25518
23017
21080
12986
20139
10378
7122
14313
15389
17654
23424
7834
17006
23274
24371
19634
17550
11394
9003
19955
21493
23271
20497
28006
17343
23728
1760
4768
16810
24508
10651
14688
3103
14663
6034
25833
504
239
13810
17114
5008
29390
19540
25840
12914
22296
12150
29907
26412
24398
14379
27711
15443
29933
13532
10615
377
21602
14678
23609
26219
27595
11109
1231
7919
29624
3068
23893
7812
12361
29147
3901
15729
4192
8926
28423
20189
18474
9591
6742
521
26233
5761
7157
14245
20638
20719
1715
5758
16953
18247
16250
22304
10935
15764
4749
19498
27208
28093
20826
20332
1407
12685
28412
16739
28560
18107
28454
220
6007
838
28318
995
12007
14661
7534
1545
5754
6928
29096
16785
6566
15668
14423
25184
25092
2548
8127
16600
18846
14877
1713
20586
28052
9504
17931
17626
5916
27542
7003
28061
15457
15862
24429
23596
29800
24339
11148
17856
5288
9410
7456
3830
21848
22627
17307
5427
22805
21227
14414
18796
11733
27984
26750
210
25498
20556
2271
5632
9335
24134
6587
11761
12856
24971
12581
12843
11523
6515
20133
9541
11395
28821
19080
16182
2043
9205
30154
5961
14123
5632
15087
20987
7065
4742
24300
25564
26975
11149
28111
11318
449
5034
27677
8158
10994
17878
22849
3469
16778
17128
3531
1571
11684
6780
27956
22732
20966
15849
20634
10669
22160
9804
5536
7946
9619
7115
28408
372
17045
13823
23148
1125
29572
21694
9593
25270
9670
4369
9804
18689
18359
23981
16986
24724
13343
20178
2890
403
11319
9101
17440
28397
8270
17015
15921
24258
23058
9048
156
3142
26265
22615
20712
25652
23310
29856
12389
19903
11149
27286
9804
30151
2184
2425
4315
16858
11819
27392
10230
16093
22121
29839
11239
4990
24316
18855
13650
18089
4594
8918
5469
26243
9765
23008
4540
27744
17747
28839
19283
16644
11557
29102
11701
29486
14447
11246
1302
8579
12330
10338
9460
28602
2932
3178
17890
29194
6648
5060
746
5587
7238
15703
18291
20792
19256
2181
12511
10207
12500
22953
22181
16201
5839
29085
24179
3114
28627
5490
8598
29002
19797
25097
894
7918
29663
11824
22157
25449
29467
19802
17141
5028
22290
10426
19738
20479
22153
16284
26843
20023
4395
7707
24804
412
4145
18206
8407
22541
29874
8029
16664
2473
27370
21037
6004
29906
19711
5363
788
17179
10674
28662
13951
29068
6845
21165
4480
4880
7620
10804
23625
5859
25550
1157
5858
4698
7565
12369
8431
22398
3698
13702
16947
23004
1972
7359
13056
2442
17737
7163
26224
11099
27805
13430
20645
3282
21970
16093
25680
21267
13246
23963
27840
17586
13371
4912
28677
12466
632
17387
1944
8711
4093
13739
3937
9065
24811
9676
2429
24956
15574
8599
19087
16687
12495
13668
5451
28893
13701
10058
25343
4918
7488
18180
12782
1028
20824
225
547
23019
15739
14600
25241
26078
12205
9332
6151
24586
19957
21793
3135
24016
14287
9841
250
26290
26412
27787
24524
18629
8919
2018
19570
14442
7308
1551
8905
1648
27567
13176
26841
1986
22591
27494
22072
15465
18435
3291
13203
16134
2148
26557
22300
27668
13812
15704
13419
23599
24615
25348
215
8993
27405
21829
17831
645
3562
20818
24306
10434
10530
8552
19562
22241
3063
25923
9617
27977
12273
19798
28405
1021
14611
21983
17947
8304
26235
10393
25345
3407
9944
8286
23805
20040
15084
29613
4291
27456
21104
20468
6187
10657
85
1480
20982
6429
7995
13233
24526
9762
12442
15780
23286
18033
2880
14241
10695
29120
17319
13038
6150
16410
597
6559
7852
26907
10767
7276
11723
16884
26460
17395
11348
23615
743
9949
6038
16133
10761
8863
12507
5009
15620
2675
29530
11136
29394
26658
12777
6335
8282
20657
6119
4577
10094
29986
18289
3478
18139
16604
3007
4127
19472
6781
15691
11898
29776
20645
946
17333
17882
5852
15609
3873
6062
26535
26895
12700
29103
15657
3988
29187
19976
29342
14988
15217
13322
4977
6869
9370
21061
9410
13628
27402
18034
13710
16868
7724
3208
29201
2174
10999
20062
11263
5377
18592
8422
10072
18081
10762
4884
26201
15487
25819
4661
7561
16350
13044
21731
22035
19855
25050
20266
21810
11385
4842
15922
15042
10041
25088
2842
13069
29503
29657
7204
4228
6791
5116
4031
1585
3776
29471
23326
24713
10132
15944
4860
10844
3553
27281
1579
15545
15670
10949
11617
9590
21532
10864
9004
21386
14725
4762
835
25051
18962
27152
15724
28970
3751
12565
13913
9279
2101
19678
25389
6477
1238
5371
2895
15572
507
29372
27848
10971
26284
27145
21977
2750
19944
28897
13450
21633
16358
8983
1856
11012
19583
2740
18514
4840
1731
22844
4873
10210
26573
13520
8858
24763
27482
19559
2260
28626
26591
1792
29160
10206
6748
24439
29850
28134
2802
25200
11332
20950
15712
10352
23250
13358
5813
22422
28339
18907
26398
18643
3341
1079
25219
28523
13454
21585
10825
3944
2039
9964
22947
17426
21843
22866
16284
19444
5623
8898
4387
29556
28006
20266
18497
9779
28082
21427
19836
4748
3268
11051
28289
3712
19421
19480
13081
29063
23544
7237
4248
1092
6543
25685
2827
10016
12387
2174
7415
19765
12053
10184
1082
7812
5087
29304
28050
3231
1267
6916
14666
3272
9487
3846
14455
11853
18024
8202
14435
29746
20384
16269
28062
30230
8553
857
9583
7562
18740
29907
1582
8273
28542
19447
17173
5231
2437
14804
29847
9016
29677
16340
19727
18418
18866
8805
28082
20575
3501
3440
15310
21059
5947
24706
16995
26942
10699
5651
21971
7287
19349
14390
10426
29519
7118
20769
19629
647
17798
9322
21672
2147
11319
26372
13423
21214
27534
14295
25102
6407
19185
26624
7314
5499
10936
4515
6673
615
12247
582
15174
27116
16580
26834
14314
8772
9216
3730
20161
15505
14674
21848
11979
25182
5515
27940
27471
14219
9858
4929
28794
9276
3170
6855
3975
3770
15103
29558
21479
23105
12260
29507
7676
4302
14766
2774
24851
10774
14961
4190
295
11497
13824
16788
28595
17198
23887
16146
20055
19653
20964
12898
5633
687
19261
24277
9696
26416
782
7404
5279
11700
5003
28163
511
6324
20647
22593
4582
24904
14478
22952
11289
9041
12805
1721
25738
29564
18974
4667
13066
28077
6199
6450
25723
17019
22986
2423
13018
16965
29158
8263
5327
9854
24770
9579
22611
1940
11709
11403
20167
13702
14567
14212
6396
18760
13588
23522
1745
18600
28694
3393
30021
13839
1829
10837
8234
3653
10142
29624
3111
22721
11766
20900
8757
22831
29414
17185
9710
26289
4999
10292
531
19486
12948
14291
3791
1899
27016
1166
11445
14457
24803
4728
14173
5142
4462
24858
20688
13592
13483
12494
11520
21497
2183
20922
9451
24273
10951
27714
30215
410
24497
30118
11024
6608
17752
17831
11409
17803
16384
22974
3677
29749
9490
32
4475
24330
10511
2609
8303
14022
15011
15679
19077
28780
11540
17679
185
3821
23663
26505
18044
14830
11696
26119
19982
4808
3101
10894
7548
17549
24672
11618
18571
17086
26756
20263
17584
29075
24079
14688
8973
4487
9594
16324
30219
6274
25369
3865
15354
7846
13934
11812
24300
3459
12414
9185
23789
17999
17853
6502
9078
2179
20655
8065
20466
30027
20862
28854
17913
20931
11297
16004
19175
10154
26304
4196
13233
20500
27860
7236
234
6191
23643
14646
4427
27209
3000
6026
10294
18053
16778
12995
2991
20596
12763
9409
5337
173
9866
458
22029
11107
27654
18531
1752
7818
4813
25302
5994
10441
10457
13073
27997
27805
7072
25500
6313
22955
22774
22638
2843
18085
5865
24379
20489
11390
23008
8807
26071
19678
11624
10524
628
10446
7852
16901
16266
6563
1713
10767
23161
3305
11188
25470
24471
5840
23230
5270
18204
1102
23782
1278
25129
11425
4798
18971
10456
18029
7552
6442
6356
20900
14056
27381
26639
15743
27956
5746
12042
26056
5095
20897
20152
6830
21344
436
12441
25695
15458
14808
8712
23820
27855
7730
26860
25427
20857
20084
22393
16765
16246
5678
28901
24180
19391
26225
8590
28617
5355
12344
1592
20535
16613
4169
18416
1824
25367
22250
1067
18073
5891
28058
7157
7458
4850
13905
17763
16242
15905
26083
16090
15199
17016
6604
17494
24977
17375
10738
14831
5105
24082
8275
22085
17718
18258
17773
3489
3173
19742
7063
17010
2031
21027
17883
15365
10130
27879
23515
25674
6426
9132
11069
29974
20970
18915
9524
4719
4372
23525
5573
8485
6321
21789
14779
15899
8324
20357
10653
25758
10670
17538
16970
18669
2529
23768
10334
16535
18268
12073
18050
5281
19905
10385
24587
17559
18193
5653
29337
22215
6448
7011
18691
28173
28168
15878
15150
17887
11809
5091
20183
23834
12831
21186
23926
18286
9685
24452
27338
11667
6945
29215
9002
22065
2942
11199
13920
10086
24792
25210
28709
2328
9799
5085
16916
7146
23010
17975
6524
20707
21345
3027
16993
10147
5005
2501
18200
29177
7353
1133
9073
1289
26464
19539
706
8868
17565
19686
25781
13893
13323
23003
27080
23201
29736
13758
25192
1184
20520
6424
27566
28605
29969
11898
2224
14406
29270
8082
25981
1175
1115
17850
807
4872
25014
11407
11759
28822
27715
13550
28145
21964
21194
22491
4968
26270
27619
11940
1080
5185
13102
10748
18583
18383
22789
3567
19650
28549
24530
5606
26981
9398
16452
3651
22230
26583
18464
29172
25031
4795
25564
20765
15617
2202
4012
16451
14419
23814
9782
10786
11831
3176
22372
11216
22657
27060
14704
4684
27126
26805
24897
14171
6916
17027
14561
3651
27824
14385
30208
28573
14387
17829
11200
5931
22959
10472
6361
13191
251
5616
26313
27457
7483
26569
8615
11363
3385
21241
925
8881
11494
7844
24956
3590
24361
25386
21812
26279
21294
1199
20097
16227
25879
873
22839
28696
8010
7706
25468
1270
24803
17274
28506
13731
27839
19923
5915
13567
8236
22197
19353
7977
12514
28815
29233
17772
3697
25216
16046
16277
29017
8714
12120
9586
12334
21137
24931
20980
27989
15565
13494
16361
21433
10550
21549
1218
8602
17102
1264
27344
12697
16082
2475
17696
22965
3047
7347
16773
29639
3709
2279
26888
3414
11951
18190
24062
22473
7074
10111
19587
29913
27700
11056
14823
6311
14413
14219
1617
24596
23030
18695
10185
22321
27984
10988
1875
11460
29409
3437
17427
25683
22768
15161
15514
8028
2598
25045
8305
16246
14649
21075
9442
19989
9907
14610
9694
7984
30081
14234
19714
25647
25479
8362
8392
13658
27425
21735
18108
22213
9904
8576
8088
13744
14543
11618
5206
19549
1179
18587
11218
1597
26402
701
10297
25049
27284
11726
18533
17502
12901
17335
14279
28650
2613
14213
6279
18918
15123
1563
11785
28135
11476
11589
6877
23152
4762
2379
6177
20365
22849
29747
14252
25511
15940
23733
4645
4572
27923
983
3632
28689
7482
7366
10329
17962
29982
18256
2916
2308
23034
16944
14107
19352
1947
29338
24211
9449
10114
22858
5375
596
10531
27322
14792
18953
10039
14410
13579
21362
5166
23495
28937
15623
15
1249
4265
479
22391
18159
20865
9811
1461
20620
16084
7133
5110
24961
26393
14515
18280
10736
353
28018
17208
3890
18348
7404
16279
26583
15097
12102
21871
25183
5824
12803
21852
13830
17174
26469
546
20318
3490
2655
1695
11051
27049
21469
15400
14021
5877
4307
24268
26014
13166
2997
11654
24294
12911
5059
23634
26734
22784
6459
27608
10371
28477
8822
3760
30147
18406
9286
7265
21142
28267
16085
3741
11085
24657
3320
30079
3161
20775
11371
10210
19356
13901
14584
1900
23807
28557
11403
28023
8489
1368
21319
14802
29632
28942
9377
10287
21766
29477
25941
5072
15306
21268
26728
30086
11935
16615
29763
17218
10488
22140
25079
7984
24079
16864
113
28989
16948
16808
6260
12073
21286
9221
8623
11148
2611
28394
16786
3768
18299
28899
18207
16049
2470
15640
24260
25543
28319
21601
25289
27176
27476
3054
425
8984
22293
18683
20288
24247
19555
8707
10030
20054
1249
18807
20637
16741
1665
12543
21481
10932
10930
24263
24577
2563
10100
24330
3143