4810
18681
29130
5735
13301
17852
16933
25481
9474
9308
26321
29437
22602
5785
5695
9653
3983
25884
15055
27289
1426
9470
25644
26571
9717
25349
12993
26868
21386
6003
9524
1496
27883
17065
28259
19368
5178
2750
8599
877
3789
15098
17994
16722
4421
16029
7074
3749
19046
11141
508
1380
10875
25218
15460
4583
29485
15522
9503
27303
7959
28369
9483
9559
28587
23391
19173
999
23861
14145
15124
3009
23456
20904
14174
3553
29221
22392
23231
18780
2710
2755
15351
1310
22073
7221
7371
22976
8937
14244
29664
24479
27857
11688
17869
28437
16083
26298
2160
18943
13989
13147
21157
21626
25322
21084
1494
12847
19527
18256
12258
22397
4190
16275
7362
2979
23610
15019
5691
2753
10679
17664
1976
21543
15777
10645
17576
92
10658
12212
12875
18348
12449
9877
4993
11417
4432
29753
13551
21269
1526
4581
12503
20904
10765
12169
4727
15510
5400
10541
22621
20025
22430
19093
7448
18071
6413
22031
23891
14046
2485
3506
19741
25018
5454
18395
3275
907
4513
9570
102
12138
28281
9941
17851
17906
17887
13494
14237
10200
10968
928
3530
12813
17289
19057
22117
15153
18155
14894
8012
11885
12083
11539
23957
29191
7423
16410
4715
28905
19705
6967
28988
23442
11915
24889
6233
22064
27024
8793
1493
3721
20352
28176
29691
30110
28527
769
6789
3796
11850
15620
27103
24887
2453
24084
22844
2547
124
3833
25114
21525
18273
29868
15405
13416
24940
16221
10406
28617
12496
13411
10070
24322
15720
14186
18132
18827
4560
14788
19287
26981
5762
14164
10564
8561
11619
24259
970
11504
19924
7348
26447
28447
24384
4772
26355
1141
4467
22091
7912
24084
28533
16024
160
3134
18541
5049
20738
4204
9714
25514
18176
5565
24083
24913
23786
8510
13089
2609
8317
2519
11834
13297
5172
7222
8427
5749
1521
3562
21733
17542
21916
17803
9802
12433
9696
8271
4354
2255
25756
9919
23693
11779
8435
13692
8814
23535
27824
4231
17696
13619
20705
22616
13483
629
2600
24714
23227
4903
15925
3744
8716
23438
17161
8476
18983
28006
1258
29868
6424
4528
13600
6503
4429
20046
17357
26774
102
13381
25808
13048
27759
24051
28644
23358
28882
20332
17911
27152
22673
15608
10257
67
7471
27871
25622
19928
13374
27407
6152
8290
17671
22133
17681
13127
13640
679
27689
2601
971
8706
27106
1703
3697
26666
18131
22994
22262
10763
9042
12959
5186
21044
766
13274
9514
29964
15311
9889
28389
2653
14060
3889
30093
48
23436
3408
28989
27431
16057
8172
22168
28795
11065
6933
27630
21124
10863
2657
17373
8263
5455
26077
13200
5972
24531
4586
18649
26989
29992
24714
3105
8566
7052
29704
13779
299
25902
7830
20596
16355
29036
12627
26155
23488
12698
17035
3608
10035
26973
20911
28888
12054
10293
17268
25468
414
16472
25575
14688
10113
2452
6017
11488
3772
4515
9089
5685
27824
3635
11205
16258
27054
21662
16867
15741
8131
18853
2951
2077
1660
5262
6058
21554
5070
1206
21199
17002
15329
17875
8169
28313
3613
1936
6192
20599
2434
12341
28496
15194
13396
11545
6372
8121
8965
28544
12475
270
8187
10408
1536
3912
8283
1267
5080
24489
10417
4408
4141
24767
14829
23975
17859
25700
2696
16022
7357
15669
811
3724
13796
7059
23213
5477
12279
6104
24670
28131
25718
22451
17645
8259
20315
1235
14731
15218
6430
20000
26359
3136
2392
485
23499
7206
27293
14390
9318
24079
8504
23967
23418
7056
19634
29304
14864
19791
19107
18884
29314
20196
26007
18193
18848
278
21605
5886
26616
28824
6123
24496
12320
29245
10762
3524
25853
18239
14943
5187
7108
17955
16888
1677
29088
21248
3446
15892
26901
17235
17831
12674
2052
23239
19971
16334
17550
25568
11494
4539
21022
4447
23133
19343
1035
7847
15910
12805
15698
29245
12983
12415
10786
19754
1504
14157
9381
10090
26774
3176
9547
20538
25180
24948
8569
12455
10829
10699
25155
12226
28421
12595
14054
26644
22719
27275
2376
25684
21882
20576
13513
25386
10987
9664
11355
20647
16565
29232
24367
11147
4058
18709
22185
7965
5969
26501
17339
27250
12578
3634
23781
27145
15458
27477
14386
6659
21297
15878
11204
16788
25129
9353
11816
22183
10181
13618
19180
29216
12434
13770
26213
24620
3583
22426
20291
13395
9237
12652
8897
15746
28126
14123
7911
260
7517
20886
23774
2993
14035
458
3512
9580
23255
28250
3370
14335
25861
8237
27783
10285
7891
19035
7657
16569
27058
18261
8500
19230
22476
5134
11876
2662
11617
2879
17946
313
659
20210
28772
13809
9342
20717
30006
6574
27281
17716
16324
2929
5770
11035
18080
14422
13830
26311
8263
12230
11080
1445
26053
3597
10508
7751
10644
13134
28404
21437
22165
17732
10552
920
17549
29383
25247
5108
29835
24909
14923
2975
18500
13659
15465
18169
7984
9699
4288
5212
7645
25852
4652
18431
26850
6006
18329
17067
16249
1680
1413
25606
410
11277
6440
2716
2580
3006
23316
11119
9464
28788
3349
27226
23079
5961
15886
6242
5191
3220
19142
27457
357
8137
315
10650
10557
3979
5544
20835
29582
28017
18671
6904
6789
5485
12054
3633
10523
23071
6220
1377
11830
4968
18482
15136
1527
19734
23140
7946
21248
10459
13703
23716
18635
3159
472
24476
483
13217
25576
20276
1425
14826
29618
6932
24
1741
24337
5214
6756
23944
28429
2135
4439
2299
23721
24385
12966
116
10314
6219
21621
9455
20693
17197
30166
12010
25584
21
9453
20079
6161
20639
6770
4163
25257
20887
1759
7485
9423
26386
12182
29352
8750
4137
15052
12658
5059
17043
8213
6116
16356
7695
17991
7910
16449
17275
6858
12002
1345
2189
5515
23929
23348
5085
9403
29028
20920
8633
17814
18435
12323
8058
16175
24485
3132
28335
1996
29413
5526
11939
19919
14056
20535
3006
16259
6938
4567
9598
12077
1147
655
16323
19384
28799
17098
24170
18301
7999
25083
5867
28153
22897
20866
18825
8481
2399
27416
17496
8373
28876
25708
13291
12705
17619
16791
535
10688
27214
5717
24919
15065
20671
810
29683
11503
7848
918
3441
5150
23100
17306
6957
2731
10477
15828
26004
27897
5659
3486
29636
24326
15519
15159