67397
49479
83897
39910
52235
56932
75014
50942
92078
23122
35259
73615
46967
42533
55852
46639
98055
88403
22829
54100
55309
38904
87436
34750
53076
35101
54891
20967
38148
48625
37529
42104
35410
46846
50855
50149
7750
37306
92494
8079
43763
49956
36082
51295
69062
56046
39102
6400
37184
51264
41020
36826
43513
36446
46170
35703
33456
44919
39433
42735
58538
47455
35186
60714
52307
80701
58089
57464
47016
39103
43983
87079
41457
56935
36322
40387
67485
63029
51969
66583
84983
53458
8626
84689
34790
42240
43606
43576
54287
51944
36840
68917
44358
90096
24306
75255
50677
64911
63403
61458
39345
42481
80678
32844
34416
39207
57165
40113
17383
49355
56144
83581
14077
81571
33990
44470
77246
42927
42397
94391
33663
44929
5564
97785
1985
42858
88979
64231
57391
39170
7281
99222
37351
42761
25336
37624
33218
44507
43267
73030
33951
32594
10763
33759
36736
58469
50376
40573
72856
39301
46681
89468
36545
77845
39033
20409
35908
58695
48243
56634
32890
7917
93194
3840
52332
44036
40177
41473
44968
44631
43160
34634
33751
70999
38117
46904
67855
47491
12912
37815
47536
83251
76923
41129
38693
82928
49859
7932
71716
64834
38626
35345
63537
10881
42880
48846
38248
43541
49590
36923
67795
33508
71321
25841
39001
32661
37797
69946
72779
17096
30026
30319
52777
88695
40439
45209
15892
54013
82784
34644
95973
35324
35232
72273
65603
34461
36319
42008
51320
77743
42330
52784
88126
92945
45461
40049
78985
50319
515
71582
40302
72680
55606
42345
24239
72942
33065
32930
34787
5438
63146
35122
39916
12558
25081
40114
67819
26249
54415
56078
69260
25413
38625
81027
46156
41200
28042
64948
35822
46167
35592
53001
63579
72228
70930
34882
64451
36356
44092
5485
88078
63979
34649
84410
33207
49200
10699
69546
38237
55780
21437
95401
79523
48214
46301
39791
67530
53808
36332
42454
52690
2828
61947
34932
39633
39012
66828
52202
19267
5963
38192
62804
55457
84846
84162
22756
4949
34850
37593
61519
54709
72141
68209
38388
41595
73078
39212
36080
14932
42225
48171
87143
52771
69911
78747
37355
67335
16548
58211
46700
38022
52426
46492
79289
91123
38518
44042
49006
51100
48458
58592
37997
66764
47975
78643
75556
44901
72122
95519
33509
1358
68930
48604
55033
72068
48312
38150
69905
53243
16537
60535
32992
40910
41186
69965
35680
22718
38368
46896
70087
61676
66086
84075
61093
73499
63508
56446
46782
46643
35785
66507
32860
35208
41029
64320
235
40068
39584
59078
83295
48431
63594
40200
51554
4189
36019
67062
45977
36977
70960
59112
79209
56432
92517
12539
85000
70136
39736
62653
99256
60184
55786
65166
50074
43961
51803
64313
44827
41713
20189
68638
3534
49582
94910
59265
46625
33204
39476
42756
98525
32149
26106
58773
48454
92421
59308
26336
14052
51225
33069
73658
35173
1562
71709
4982
59486
1271
38444
8996
54348
35696
38115
44135
33938
50995
34269
38713
27464
85168
63349
36858
71118
40580
47339
72832
38277
12624
90965
38396
48131
67481
46145
11665
60048
44990
36851
28320
34658
21986
66288
35489
28212
41884
81637
44083
59251
74787
45325
49223
43633
70790
66354
23026
65848
49504
72492
36699
38276
46613
63779
58271
87066
35617
86555
46670
72222
54416
52099
34800
67506
32117
49561
51104
48485
57304
58864
36573
66200
87185
74989
63910
49773
35881
35285
41760
36471
42767
39067
80416
41662
28408
51975
49515
61628
39806
59778
14393
66002
38548
63218
63122
73073
35307
77973
47755
45412
33814
46925
46499
36445
52845
71128
15894
56461
6901
84659
43372
34681
42748
48435
47785
64282
33306
64860
82411
34696
38704
37505
34277
87705
64563
39369
76613
82332
95051
86983
39863
29749
62025
33570
45379
38566
63352
73551
7672
42507
45315
43181
51214
95102
6672
41961
38616
62451
41467
71540
27569
61316
47821
34929
35819
35419
34078
39588
23886
36901
38048
75945
43746
4967
19051
38087
58123
87604
64757
34309
61095
26556
33894
92377
26240
65043
79964
8604
48589
71476
41668
80709
38199
13100
45248
68051
35649
35298
71423
39581
60540
73663
47124
43858
32138
49806
53419
64130
60525
43100
42612
42038
38499
37474
53716
40963
34113
40791
95166
5908
39548
57914
49359
50331
53782
95539
13039
63377
42290
57581
94947
39748
37417
27700
39090
42598
36721
78415
37752
42303
41123
81221
18028
74462
43964
75941
40452
31320
36707
95228
69625
16507
65872
32861
60954
49753
17681
89903
37207
56166
41967
60224
11640
34945
34260
75862
88437
81499
34471
79496
90296
65356
55532
52418
29071
98844
36228
60690
77807
37580
25972
60923
53893
43382
38621
35332
13917
56638
40174
57509
41446
59679
49184
86243
31569
36256
44186
57259
33547
70944
61532
61080
94233
67250
38491
75532
35025
68196
43044
32314
51112
48814
52286
1809
79782
54044
6730
87631
59484
57972
16108
37361
53612
60278
39439
32803
58782
1631
61473
77533
62254
52233
33741
33571
25909
35550
36795
28678
34982
10775
63974
5846
23795
54732
37686
29035
72741
45531
71448
36464
33834
58640
54867
69800
34154
51022
34687
68117
44796
63286
26366
48612
52262
56793
63943
4643
77361
99615
63043
77990
98447
98236
52311
72893
33338
71441
86954
35472
43553
68744
70150
51533
28660
77747
55696
33166
46001
82082
39562
49712
89133
54894
46229
86441
86496
56777
46271
58024
79456
36092
59055
51746
53352
47619
23030
70157
39327
48897
55350
60725
45583
40964
78382
82688
48217
32935
40871
96664
42407
29533
92471
67938
67513
46888
33469
67248
64324
94483
5850
33614
36133
53615
36028
38201
47967
91864
47211
95347
68421
65667
48297
43607
51571
52808
91483
36337
56545
95357
61578
38459
15809
63636
41533
42270
56068
76844
47737
49947
74835
35213
36862
44590
54558
95722
27048
82845
48662
36860
44921
58460
48788
50998
37443
38395
34096
43678
50437
92249
57991
42897
25685
32896
70244
38696
49253
12653
62814
53911
33674
58284
67408
70595
43654
12744
38130
43823
75067
81007
56700
89444
61507
13118
44047
50504
52677
37186
67333
33097
43316
44327
92756
5066
56589
48257
88332
39355
75773
63093
71373
42148
38136
85758
44807
38596
64209
47388
44281
61250
46224
40947
95524
51338
78429
95483
76847
42434
35136
9538
28092
3953
38619
57238
12545
41976
40022
3351
45065
56911
56214
41319
39137
42476
42900
73375
59752
81524
60084
51103
8346
59563
45333
76242
52013
49185
41492
64813
51591
66732
54118
42204
50668
73767
87320
61388
63372
49988
38509
3497
38823
64479
41396
29438
43429
47019
58529
53670
98803
80895
95545
22335
57080
37297
40812
87637
35172
73221
48160
41991
44119
64364
54683
61145
34795
40790
26764
85694
50303
38810
37872
59329
37127
32802
59363
97978
38728
60912
76654
75076
61520
34256
73354
78894
50247
36828
42690
37349
12028
39283
70637
41497
70021
44437
35794
63528
73704
61948
49171
38221
37693
32784
92307
59791
77527
43934
69222
9495
36103
35831
27643
47043
93050
65238
40867
43415
23878
90766
37124
38733
46898
82108
21314
99550
52610
286
89235
37890
95201
86837
38964
45542
42842
64543
44066
33346
39828
79946
62307
37536
59090
41731
58930
72877
71352
22597
19878
75924
15233
34573
67635
35871
56147
25216
61402
64921
29342
55014
61206
52877
51616
46354
67347
40858
82350
79822
22935
52477
52952
78353
54829
55291
15930
35917
63694
34116
40598
7342
77217
41103
56933
40086
30446
71202
69701
33073
36114
69801
58299
37802
70668
40342
39413
7218
38113
43240
49463
55349
48802
39452
36563
55445
37372
40316
15004
44903
33861
34462
34384
76261
58169
86261
30896
46350
81954
31189
9526
61445
42398
44812
43699
31231
39432
60707
65085
33109
62707
47513
38678
43875
52933
59589
38054
39567
34157
65014
98013
50339
56162
51980
34989
53469
49021
74613
32790
59038
78046
80049
92987
40317
92695
58259
14222
18118
42556
82308
55106
35144
83002
58968
42061
6641
81247
38909
92616
72463
61722
84313
35414
49996
66800
21836
57546
51903
17467
41951
70905
36797
39714
43196
91008
8320
50968
50878
59859
39372
68067
72348
68655
34775
41199
75288
31615
60935
54855
26513
71544
39876
34609
40815
55210
59273
52834
81856
38613
41312
38666
39883
58058
59028
73327
43467
56864
39289
99365
65004
52096
59173
55036
77567
69456
26221
34249
63509
61062
54975
39869
46755
42691
48274
82779
38121
47075
26798
51010
47024
35106
52150
83388
72900
69873
31573
70146
61058
6148
44202
64857
96097
43805
62276
81708
63085
36636
64026
83524
45788
99836
38198
39199
60729
78523
44076
49531
54849
52967
61438
43615
44094
41412
39397
49194
34810
52614
43004
30835
68032
37165
97520
72166
53917
26983
38222
34374
95189
32821
91935
44421
57355
38259
25965
37296
54153
39394
36912
34583
21446
98994
68447
98241
96446
96481
67604
48432
35201
99132
42666
55387
48667
91026
37267
35127
46662
35069
11134
58141
59335
77816
70500
77949
35946
19721
8897
41715
38302
10191
34856
49114
38088
71182
35131
41707
96727
34838
74010
50552
83256
83816
51876
76345
69497
54202
58599
79238
88818
94004
87750
43949
72855
59156
34667
74682
59841
32789
32897
60109
67068
37292
33918
79768
63494
56359
77047
28889
33144
11958
66822
7566
35998
20193
94813
57898
34845
94588
45253
62354
37054
45755
69014
6140
40277
36542
59593
79667
67324
77551
41789
41116
49723
96328
76056
9838
52821
39514
16157
44306
47617
69301
71138
53892
49012
64916
38647
36783
67800
35263
35956
10596
37025
40768
98399
35682
57764
56687
41945
47813
34686
76359
45979
77894
60702
16200
73228
45077
19736
69515
93673
98832
49587
74772
32753
45393
33378
42365
18992
28474
96117
20778
38564
69155
18141
60509
48621
36967
83341
89054
44425
45169
53453
67737
32892
55604
37509
45474
58981
52279
48307
33212
38974
44848
74968
75647
36167
30755
37598
60985
35030
36433
53071
67614
36251
43879
66591
50908
34524
42447
34386
55153
67735
64205
51110
37258
37177
47127
40919
54361
15126
53232
65369
42677
61521
63625
35042
64630
51434
41256
94634
47445
34708
56494
53969
40568
34694
43424
58511
4974
65197
29686
37436
62943
35029
9110
63650
44686
40276
39672
37160
71942
60331
27222
34879
63257
33217
82014
50388
54190
58396
56458
75589
83004
50325
70751
43742
55946
45233
73205
53970
8681
45594
38590
82387
79514
1201
32949
44930
94368
54527
48389
35125
56491
80984
46439
50274
49482
67699
46347
60428
52555
72276
91279
27423
94412
66040
51402
73291
43170
60785
47964
92853
94846
53248
41380
51666
80603
15946
39375
34490
77868
68850
53044
66122
57424
84462
42617
95866
74544
38405
11861
47466
35560
13881
53289
54549
46577
39309
57412
54918
81248
65583
46677
91747
36560
43146
42576
70518
49065
51368
55710
47474
63581
40100
17897
35821
61866
57048
18239
39841
66758
6631
39634
42429
45569
71409
38855
42163
40808
49864
68481
37394
15582
36123
54119
44543
52900
59675
72576
56803
38597
64138
64919
70460
36682
73882
26583
33507
47387
47774
34337
36601
32928
64609
66116
66626
59938
47304
1507
77478
68339
28700
35305
38154
61424
42640
49291
59726
61850
41782
4755
37767
36018
68785
13305
22194
62662
66601
43617
44818
37246
58051
74564
60044
64097
83792
33567
33888
62709
62130
38607
38911
35377
34381
40240
53175
51603
51703
59713
71310
62327
39438
55226
33004
76120
7740
49111
99381
34697
39180
88598
60823
47224
50805
34140
51920
68242
64846
62082
77186
34555
97184
18885
82560
48073
47072
58507
59805
38841
43416
38207
72342
41060
46596
74941
32967
42084
28167
98034
42149
44191
18001
36824
45463
52427
45667
28893
68626
52674
61668
34771
35841
16525
33922
38288
43491
40206
46519
73332
44923
62290
51875
55802
69743
64669
81769
32954
10567
46321
40995
75523
70083
82597
79389
1565
36971
67007
80218
12035
47076
4897
68294
55497
50972
57423
46517
12696
79195
54963
35577
47780
52693
59366
66980
41698
66145
58220
51051
69696
38655
48547
78014
48884
28785
38328
2440
57146
38622
65572
76418
33671
23972
50997
38176
35853
46146
48085
83761
76986
40751
80825
33937
47670
36827
50333
31087
21785
50138
21122
73256
58433
77379
53685
52027
46016
76860
36998
49727
34912
57168
3780
34057
36280
35090
20218
42127
45130
61296
38458
59597
46603
58139
52281
63264
47022
35241
75401
60467
37423
65013
36143
36814
69033
48252
44399
7160
83600
95854
88827
67760
14674
45654
38326
48156
52547
99644
39193
39913
33611
51166
44188
32911
25231
63457
42646
66963
41742
43931
68887
50730
99017
34019
71248
34295
24109
66136
73493
41582
83089
71508
37710
39922
61358
7318
43947
70716
43669
40906
53329
6251
43280
46164
66859
54281
34119
87836
32519
83046
45317
43204
34142
16662
74507
59293
36672
49339
69808
46467
40083
26989
77488
15503
48256
40386
75912
84368
74719
64537
43296
45093
25625
33215
38144
29168
87188
61412
18379
30490
48713
50108
60757
39610
50992
40435
24299
41849
59092
60838
59833
51618
58362
69948
71978
62098
9296
33480
44448
85999
52492
16487
50217
37851
90110
62183
52171
33810
42310
85819
40881
50081
33764
50110
44109
46047
45383
39135
95486
48873
43708
59719
64458
49885
64822
44882
49877
85804
35445
39639
69552
80109
55933
36212
87561
14023
51909
54354
41806
32783
99596
42718
48483
34417
59288
77275
33234
68295
40198
38797
39119
60869
50542
47931
47411
46985
36078
13273
57203
64626
60453
86222
40000
64776
29087
68034
17648
95731
80487
79578
68792
23561
44679
65103
55881
41956
53684
73619
72961
45294
50225
55499
34539
68858
71188
43960
50257
45750
37487
84744
46320
74440
39855
41240
41861
43834
89370
39829
41482
51964
88166
55819
84299
33539
53971
47274
66481
20638
43937
44312
33982
41673
83334
39352
49677
45577
72742
16984
39848
63548
37334
56885
11287
4587
43265
36058
43713
67729
50111
87922
75274
46751
34739
36714
38806
30313
40468
51046
61782
43307
48008
79271
98159
58668
39891
66780
61302
46753
35063
63413
48519
11625
72061
34246
32772
37522
36352
73141
60394
41210
63744
55308
67863
37376
37048
47151
59773
68014
40255
59336
49456
40883
18275
63712
38214
62941
34145
51552
67046
56918
42624
39096
35664
19849
8200
46451
11986
53568
42340
51861
54762
58376
55577
54342
61801
79280
60981
43828
67517
43078
54896
35200
33023
47982
30612
49380
37757
80815
59625
70816
22372
61426
44123
53294
34432
52748
39874
49361
45685
94586
41863
33137
37412
97266
41049
22578
44651
83168
49125
40785
67200
52697
65326
58406
46112
70029
95149
57357
73624
50043
82983
73161
42014
46091
40921
39029
33845
56760
41417
37138
32806
21389
34235
48092
49786
10684
58717
95174
42518
76485
59979
36680
41402
57458
17441
69244
34408
50492
85104
47198
57482
55168
87212
7460
24122
65323
32781
60722
65460
42771
35286
87546
78729
81267
48040
50507
32851
41250
53863
41522
40205
43306
57874
39387
25614
66510
35679
41690
59940
48440
38981
85661
46010
38867
39268
75030
42164
16294
85029
47152
60716
68678
43642
40335
36630
34388
37062
63235
43438
61711
41971
19195
37954
62481
55676
90828
55989
41626
37924
87235
65711
33172
21060
38083
92683
78667
35753
61055
47915
27793
88238
73162
58200
36803
46082
33767
64236
34608
93391
26504
22019
55119
87686
37348
67766
8573
35207
58535
91030
96925
75399
62374
70552
33231
45690
37969
86009
26315
64618
46614
47326
98234
55429
45240
57566
53811
39164
77023
81369
27686
37512
38614
56095
44654
45698
78845
48480
54985
41281
1023
48186
39701
27662
64779
37299
56657
98775
77620
63780
33355
46881
55843
49550
34678
63005
33110
11018
43598
53099
48475
53170
58207
38993
36383
44535
85053
58235
90142
53495
46071
35398
41651
56725
33605
32886
42825
72668
42416
45797
35950
36447
33183
56808
71736
62259
83317
56274
37911
50649
45764
23875
38507
37211
67897
44950
91838
81955
92042
36420
82374
76105
49719
33645
44144
57021
58470
88138
57025
34050
40538
35849
58506
34447
39754
40940
59711
66305
91527
34410
65450
57656
42529
39464
67637
58578
43264
41803
12631
29462
45963
35546
43941
33293
78082
32776
62457
41058
52668
69537
90249
42353
38068
95451
54048
52569
61733
50867
35458
8554
66098
54077
96034
85788
33568
52996
29675
57457
15474
87270
57826
41335
93574
45273
59987
63975
79226
46882
40040
763
74461
63711
37468
85069
68119
64117
44097
68149
94199
62768
91961
70575
82096
35149
38781
67998
37332
44393
49602
45677
65792
60410
40031
57949
42219
43468
34628
18771
55693
37499
72430
42413
6780
42347
11458
57314
52194
48476
49635
68312
39435
96838
56977
76773
54944
55203
44553
42361
48686
39047
46899
63020
59142
52386
48534
61943
83967
39785
76148
49555
43232
36505
65527
82500
16689
22907
40134
85670
74166
68250
92064
37816
75913
42839
62806
70758
45938
67008
47229
40287
39921
45713
82974
41936
86930
37439
40653
33880
68882
65419
36158
90641
32184
35188
88921
41817
42487
43015
15012
63035
48958
52375
36475
54788
61825
35701
38954
76096
34452
71597
61608
75566
52159
53864
67561
54664
47611
47699
50530
67724
72249
50561
39703
64169
36761
40444
45378
36207
61071
68130
55584
51440
74143
17563
48463
42306
9383
43703
36544
67743
6320
66173
82235
41419
61663
46564
49710
22727
23123
67368
41077
90001
59022
66628
86482
55003
52317
35380
45567
73826
48332
33394
52590
83385
88236
42394
17782
37608
54326
35283
51025
43262
43128
70234
47691
20791
82427
40306
32906
85974
34102
75813
49173
34705
64147
7039
14976
47360
48652
81675
45786
62952
53174
50896
87554
3476
53211
45491
605
42739
33381
61588
83129
75202
97011
34483
36696
86437
45629
9313
83102
78826
63930
36909
55010
68889
44365
55037
38572
47720
3708
48395
70355
28815
46473
75654
44724
9960
39365
58318
78897
42515
6475
66495
40920
41577
53908
12625
51818
40698
41665
56276
76596
87625
45882
91905
99027
61179
30491
33202
86046
41453
77767
97143
36232
51256
61091
33847
61977
33825
73122
50614
37796
33675
65589
63158
59587
42916
44933
96941
33310
33459
38465
32990
37705
66067
90887
51183
64873
17922
35547
21256
39979
19668
5883
7148
46140
39068
72234
33441
53235
79620
34602
12775
97488
39217
28327
29597
16262
33724
42276
42548
54238
80443
54373
70032
62925
58222
36547
49866
57805
27468
39010
70426
39547
81387
62879
64866
32646
54128
44374
56100
59430
33098
68480
28294
18129
53126
54392
75168
47084
74349
58499
51133
46250
74806
39550
63789
39968
80461
6556
77319
45720
59709
38776
71094
21478
31679
36487
47547
91347
33510
84703
32968
49418
97215
35553
67235
25624
36600
83959
48563
37918
44800
40703
13725
40171
64525
48631
33084
39537
16405
48578
37115
87958
68998
92024
61382
42099
42443
42502
82776
86485
38250
55390
40950
35302
38462
87463
42199
79370
15142
57743
52054
62694
60195
45858
81296
50723
52817
76549
39335
41737
50574
61029
7805
57940
36502
40445
90796
41460
35323
83453
61078
70329
26091
38579
74190
47973
44512
90053
43594
66931
99504
58564
65020
42685
59632
15852
41957
55550
36360
15335
41594
45146
56282
41982
68575
55069
70580
67352
33046
75435
36729
41298
35321
59664
56825
25409
37134
80699
30971
4502
40701
69847
50741
60374
23115
68739
76576
35515
51063
77007
61465
66422
61869
65236
41493
59082
38748
81385
25660
60893
39739
78349
51794
58154
8805
44891
3211
37345
61278
46298
62985
38549
37098
11374
73578
22134
60060
45390
33720
44598
37300
87609
74934
58063
56192
73310
51770
3369
35995
41189
39689
36588
49198
90081
31429
46786
41276
32944
39020
37430
41505
51400
58007
77447
73185
55599
38001
1285
53805
1435
33474
55289
37798
86101
55030
73904
3986
78263
75058
49906
51278
29449
63123
38637
70532
46659
24597
41833
50362
44255
38582
55872
51238
77651
52671
44500
41491
33472
38010
59431
65342
70947
91390
52438
58325
40765
63831
75111
38553
62412
25437
36910
49714
75256
39772
61900
76231
39629
58301
88717
81812
35516
45089
91746
71759
9356
73062
32940
39598
49469
44751
97727
53386
56611
82279
48685
61562
95895
92528
79974
36382
44115
75310
42889
58770
58422
40899
14813
31869
55944
44578
27386
69693
47321
48054
49095
98967
62932
67975
35315
35304
54563
47132
93305
65484
24692
69466
59951
36764
78081
12241
12184
52518
36370
54745
55531
39851
57746
55012
38205
37263
85295
46486
80278
81919
39265
53883
44084
16818
46515
46654
49643
42092
71443
34338
91802
52091
59122
47976
79828
36075
40074
40337
71993
82506
42451
61021
44034
99619
46393
44496
37756
62652
72510
10513
83584
45904
83452
34223
55730
57372
37618
75840
36393
40239
44804
16236
41765
35404
49946
33249
95846
33347
77891
81011
70789
60285
71901
47569
54002
90348
60720
63843
42311
79191
37196
84090
37107
39595
14841
34093
31236
68715
62680
37214
69513
53720
46323
78091
49968
41192
37472
65807
26393
66860
91928
55661
99665
46096
33190
8546
39398
43231
47672
35730
69366
4205
45527
35467
41061
65376
68446
10364
43622
77496
30912
97281
33327
53045
40537
48759
36390
71077
35351
44888
70542
41718
49286
38887
44126
32948
38438
9964
33352
50592
48756
68808
61962
74535
46090
37173
50436
44015
34740
40890
49358
28919
80474
90882
95656
73869
35473
57174
69779
50175
33220
37586
50279
48806
49215
72568
40016
79337
48774
70359
92470
41958
36093
36429
84406
37639
99208
52283
8272
16400
55718
71325
43261
79431
60186
50537
73818
45457
41102
22602
65677
68463
27571
89432
34289
88517
27532
36149
33695
79903
75529
35781
57840
66826
35566
54087
29419
42801
30033
86608
34200
89169
57858
44482
80367
91426
84072
27141
38969
40884
50946
44442
9616
39412
34724
51834
54460
57819
59845
52512
65928
74673
50952
39770
59866
38838
15525
68251
53205
57004
67438
36184
19393
48090
65549
30103
56207
21922
55095
61416
28979
43451
54423
80279
68318
47765
23084
55739
43914
38419
20470
13449
82513
33842
33140
64674
97319
48350
38766
50298
56741
72452
34915
66597
49745
23129
91531
63443
61604
43973
39194
45384
91287
35651
62844
47012
48663
73693
25935
75991
43531
48174
53854
38213
44096
34702
46567
67409
56332
43984
85690
44823
68729
36131
73476
31736
50385
73897
6548
36762
23529
51658
42791
49951
34202
58260
20214
48183
45924
48143
35694
35205
52537
67085
77171
8534
40663
45888
71263
65924
34930
34356
59615
56595
54720
76972
59188
36939
4002
87995
91664
49924
49434
36745
43311
29570
9439
68794
41381
64211
93241
34601
93954
42467
3930
55280
41480
35016
37927
47634
86534
46509
81450
74288
58348
23902
46853
46713
62911
79543
54085
50922
25547
49336
79687
90428
39865
45441
45960
43895
56944
90145
54728
33360
55837
73514
37024
53307
63165
64979
36472
44755
35235
47639
82453
33679
92682
39941
38404
15431
41929
84608
51234
92032
95262
62241
39626
32724
2615
91772
33169
38385
81459
29918
73124
72925
45885
35189
33500
61956
44616
47859
33405
41202
55589
36914
73872
36569
37946
30742
30180
18837
49757
52259
70683
10983
6738
39042
58791
40116
40929
41831
34506
54063
33030
58268
34730
41846
25773
55632
39206
94765
68960
40192
46489
55974
97538
60141
36163
7667
35431
32986
588
72562
87172
45446
37100
44243
12553
34348
89038
38006
69163
67636
76896
39011
59638
50317
44617
48715
54448
83636
51656
16004
70300
77817
50587
37870
70375
70744
39099
68387
43956
95695
87937
54020
53092
63231
40735
42988
46362
38645
71667
87116
72813
33485
42928
42669
52558
63753
44668
52872
46448
80676
74256
85762
64540
94912
38714
53731
37649
39294
61220
41206
23119
40918
38008
98875
93680
903
87348
4408
38939
43733
51631
44530
24372
8010
20888
39519
73176
50027
67749
51171
37513
96709
13225
49176
40514
56221
70886
93936
71387
37259
58518
69729
72021
59971
32439
37302
86583
64273
73761
58672
95111
51373
60894
57350
35993
57375
37830
72744
47542
40315
96500
41053
5940
33422
46742
86478
35801
10626
44016
69853
76873
61126
67285
44261
48775
45291
47778
84533
86658
46766
75263
40650
31760
49736
42937
90192
74778
37974
37434
58994
45418
66352
47885
66554
52520
40944
77368
49170
36951
12506
13814
64395
49382
42486
49037
36213
36718
57057
71171
87940
40721
33010
76405
29843
12700
90535
54220
88698
53860
23262
62162
54140
40630
22126
41750
38816
98746
32873
67511
41395
7106
62893
19114
32083
33514
38585
38374
34385
42078
48690
56198
30935
42654
54892
82305
59373
67289
52846
74695
64704
50706
61333
50051
40204
39055
47020
33516
43353
29457
45359
33545
33454
20506
77525
98902
43304
53425
9684
42216
40621
76984
34051
58112
81551
58107
86242
59851
34833
41255
43493
34956
38775
49725
38170
63506
96863
41542
40383
45815
48378
38611
49967
51043
34273
68053
36161
52266
63438
96416
71489
63530
57765
57326
46414
49748
33408
6376
13892
86356
38635
47961
77827
72203
46040
35864
97082
37095
47551
51001
87345
65061
63127
39555
57798
58848
44729
45945
10330
34881
35012
99290
40055
67142
54355
38109
34887
9904
63785
55144
90187
41101
47487
41015
65728
35859
51291
33868
44417
35875
57671
67910
67812
42564
35521
50576
56377
49192
50982
70935
68933
41051
49211
47620
25482
75187
71126
44607
37565
27872
78351
35119
45370
87533
85745
35222
56590
46791
34955
76575
75445
55117
46248
6412
13447
34184
7236
66529
33152
72974
78669
54678
37234
36236
40969
43771
49224
56881
44784
39543
25788
35544
55196
2
39037
9867
87256
35270
83603
55902
78538
52396
39486
53633
59511
33665
44007
81492
12959
57414
71952
28278
81746
51145
49889
23929
54407
69674
35084
88603
47521
78611
42152
9007
49758
91441
51159
91556
60505
59270
91606
69042
41526
67514
34766
35625
45879
5525
19711
34276
62396
15749
56515
33607
81018
49851
33955
46455
36117
15492
56202
69370
72311
74171
42308
44820
62866
32889
78822
42568
79999
74596
22860
60742
51024
44216
40882
20300
26994
56
88116
52263
89328
32932
43549
5085
79220
54117
41144
87530
34262
50877
42943
64440
39530
40186
49206
37132
94692
38712
86826
41261
17762
39594
22239
28236
37099
78916
81095
88069
20141
65318
4999
60264
66834
34357
56320
78387
2357
45662
60989
68793
35719
73603
96457
62512
23477
67050
50040
74034
44062
39773
35927
44081
79247
37560
33232
59955
63018
62997
36864
63850
38223
35453
60119
39266
59359
37820
23048
15771
56967
67058
3731
39320
437
88405
39912
42133
65620
5705
48126
83101
34153
43018
29263
82933
41871
40241
41009
21562
50818
54434
36444
51057
40017
36556
84430
48875
49899
57683
57512
40388
61038
71264
13008
67865
26591
1968
51037
13325
41355
76111
66106
33105
33305
41468
72635
66984
96312
99429
52737
5385
47191
63421
56067
53572
41753
68688
40166
89415
60253
52238
55486
41420
10255
53201
67259
40821
45063
50872
43978
86830
82772
35094
47714
40999
94419
14108
58493
84150
74671
44860
20011
40752
52999
37039
57044
12399
63699
86637
48532
4992
57621
55615
67415
86806
34296
33471
42390
85693
42459
44814
33018
87716
76506
72787
62218
8313
36094
54189
33964
57776
28682
33087
27628
54419
70160
55925
33927
54374
42786
57847
54440
34004
63718
53646
40014
45719
37793
76998
38720
60442
72725
50429
61417
54501
36173
8287
46426
43773
87183
34839
42922
54831
58843
7841
16540
83274
54604
32739
43943
51008
69201
13060
86631
42374
33562
34054
33406
47157
75821
68448
80848
47386
52230
33887
74168
97491
36845
34122
52604
37240
48887
72301
47146
34793
37533
6032
53677
18530
30323
42491
61740
59044
59052
94663
18673
35537
23831
50918
80076
41879
73090
33794
58512
89804
44103
46015
45426
48925
58083
46043
57426
34185
52524
59326
81735
90012
37453
24668
70292
69361
68905
49920
59010
58427
33093
70279
99430
30227
59413
74634
92217
45540
64913
86661
62372
68524
98395
97244
53390
53593
34768
58397
65250
71249
36779
23348
9358
58552
41069
75550
82902
60806
67121
46566
52691
67971
45142
43925
32855
49444
49414
34904
54970
79287
46048
33236
69415
39985
88343
43817
47844
61019
56428
60832
58039
82261
37828
47663
35624
13525
37891
39240
68769
23134
47665
45702
16042
74329
62083
72587
50322
55844
72310
49777
40593
72620
48573
33703
93738
73997
43169
8959
5983
57054
25454
21261
69194
56913
45504
54671
37992
53619
78063
59309
48847
35082
53827
52126
69734
40942
22612
7520
52024
50807
13783
69610
44495
40207
36182
56801
52324
74883
70176
34503
69769
36241
40614
59364
47583
54441
35474
69164
52818
22953
92190
62706
52465
61828
48554
35962
41591
73582
61660
42042
75013
66263
84173
33537
33643
44326
59155
35751
44897
46506
48453
35977
45840
45752
55135
34943
49693
72662
73960
96580
84877
19948
43072
95979
44769
23521
58921
15251
54320
35339
50226
82856
53754
82813
70726
45864
67806
92026
75833
36273
44230
54324
87548
78305
66053
31425
19768
53105
36324
68695
39446
91367
39742
54313
28658
51471
36169
92443
86676
49061
72710
39518
38371
75252
37174
12219
55726
72003
34504
53435
64332
49987
23686
31960
48446
90856
45734
63196
35884
66211
86303
35639
77248
25381
38683
60335
58584
40105
58710
55402
32920
69442
49035
46926
387
56135
45216
47526
45956
33976
33435
12134
21574
33891
34548
67757
57070
82862
41309
55093
21013
73902
61763
72553
45525
43479
33705
52273
71113
42762
42018
64143
51849
37559
78547
39032
92761
46142
53717
68412
60889
6505
62080
39760
45541
24686
58119
36146
50441
36756
18834
97183
7612
42991
46507
79888
72584
57177
49271
33630
87630
63759
40912
80790
66663
39022
94060
39630
43608
67605
71953
43105
34949
44090
51263
20270
41646
52624
45796
33493
60340
55363
12578
69677
35782
36887
78923
92426
40247
83766
74609
45973
82874
11702
60092
33690
47244
54356
71741
64280
47666
65394
42159
54780
64053
64429
43484
80822
14473
94792
34463
42056
57337
50361
39662
40553
58134
42821
14286
65523
74764
18395
33468
31958
14898
59550
32361
66364
46591
64862
48634
77280
72749
34868
36259
42672
20974
62514
75671
40463
9445
40898
33015
47236
22719
79005
43285
10669
32364
50481
47729
21980
10416
41777
94215
68093
54937
60750
34630
55625
51560
43090
71594
33013
45452
38069
60249
85646
33657
17350
33748
68514
12415
97121
38230
33407
85935
35444
71015
59474
47110
71936
61162
33914
34522
79873
52046
58688
36291
5910
65736
51690
52359
22742
54338
87094
37222
43070
69539
54253
69818
41131
82668
74449
40833
51141
37638
36286
47257
49216
20364
37458
35688
40724
33831
64588
49127
57307
60676
44299
51845
71371
26287
40442
39078
53599
63805
50781
69176
40458
18624
3117
57502
75175
38561
18304
30914
36408
38665
56253
37274
77672
36378
47461
42040
38804
40914
76802
71835
70921
63126
47033
81840
48043
45836
96739
49915
14967
50549
42307
48473
68611
47822
55179
34349
52094
41500
36746
84371
37242
6037
75245
33120
39881
58028
51266
45211
46893
87904
55981
99258
7151
91419
64735
62154
39472
97473
79168
70058
36781
37527
73277
39136
39209
92111
33905
54522
44134
34336
46844
51715
45880
47644
59348
40149
79604
71644
53121
73510
4236
83360
51119
62877
55343
7748
15406
43485
33056
17726
69434
32543
94325
92966
61448
42993
33735
94174
72328
49843
43185
60438
43219
58515
39960
89170
32231
42309
64051
95346
45509
47373
66260
44222
6000
78144
87166
61928
51627
46396
40923
36310
1397
56575
61624
60035
23882
948
60534
61672
64640
46113
80602
41181
55904
34985
40954
69471
14419
74882
24958
42004
68379
41267
52059
46571
81930
36441
80477
49080
37497
5372
64646
37083
42214
52321
26923
50261
98397
58767
43698
91919
88680
94647
53022
40447
33361
86239
31519
45242
57736
11124
37156
42191
4555
38796
39465
13894
19342
40849
2984
50960
40686
37153
42346
52421
21993
