80848
39241
51031
33132
56421
6111
87580
40304
76306
33278
17020
71797
58763
69055
52177
99414
62509
25449
76362
47885
52023
78742
44726
91091
69925
249
58890
85341
33149
49193
48357
33199
35665
46368
98795
40206
75259
33716
25603
35490
60829
38012
39498
45566
58230
40786
34800
34485
34513
75082
61175
34742
72615
52929
60542
16758
58834
28952
49693
79559
41477
51244
39009
52633
43496
41944
77096
36206
61297
50640
75123
33175
22673
74406
50412
11225
91663
62595
34195
22184
77197
89407
53067
86818
43956
34443
57965
67913
88130
47749
48259
84199
25207
45421
34241
39077
42836
49691
70506
53525
44099
14570
36778
39100
51608
39773
73352
32914
14228
41754
60370
65303
50911
33712
62185
38994
53554
35780
42986
47239
62090
67922
67564
36811
3339
81876
43440
50074
25008
90882
40130
76448
49689
92833
40513
66867
54212
43651
54315
88817
25866
62856
47943
63628
69145
58566
46928
46301
66354
34864
53477
33713
83832
43095
36699
91677
98455
44092
76451
50555
48007
61575
48100
57404
15354
47960
92965
56621
42844
50722
2337
10997
49318
61383
3057
25151
52136
24345
59852
15297
76024
96871
41102
74107
85879
37824
81746
34590
48121
83773
92356
52871
80748
35538
52470
48635
60189
64841
58094
4812
4273
38255
45354
77757
35164
37483
35107
96784
49615
46868
35517
42324
37245
69333
93349
69127
50497
65919
34525
38636
68771
52921
81441
46823
92243
40163
57351
36987
38465
53911
36782
40750
62294
83988
92524
53301
47758
89493
45512
78676
49976
36166
70040
36921
37405
61658
43387
85433
33290
53486
15944
72783
47673
46677
39753
38728
13268
2847
61648
36188
65253
48578
35626
71399
71838
39541
32122
59182
61258
77122
51274
36727
16884
33639
19171
59053
87258
62263
51079
44648
41720
37037
67774
37253
97750
40134
23389
30509
2657
40190
62152
93719
68521
41647
72481
91598
94123
26566
45352
37749
55049
60331
42124
52821
44815
68816
34958
48138
35482
95947
31844
85565
36225
56852
62367
38150
63934
57715
74430
33633
40425
90727
38241
33444
58447
40752
34696
97393
58772
64862
35462
78150
54802
64056
14024
51306
62017
45017
66201
33567
36032
76331
64369
42528
61625
53542
95649
92622
50267
73141
48893
30814
55141
44373
39534
99739
61786
39756
39229
44193
39176
47307
77189
99984
82780
82939
34290
96657
91290
54791
58852
37524
86019
55044
34409
7115
60090
66631
64682
69166
5864
50549
61097
57467
69463
34487
36344
22844
76725
40867
76647
51193
40235
37225
47250
86969
52122
37135
54765
85964
45058
34791
68607
52649
79412
41618
73886
77064
58168
38186
33357
47311
43717
44378
61946
58375
35391
71070
51125
70105
43829
43594
42081
76860
26782
86714
54457
77451
49391
40825
33961
61867
43494
57579
93682
59292
48153
38435
36738
33423
84013
41510
96633
33751
34837
46957
24041
85850
38877
22676
36462
80073
16857
83227
82914
16365
37932
68881
25165
18011
28198
51455
38495
60972
38766
35576
99732
47643
56325
38238
52094
55153
17043
35176
44404
44348
99545
80974
35439
55458
96948
66792
50242
36299
76986
34393
77613
45226
40651
41442
96106
87929
57322
37263
39471
50425
94749
39805
19999
54901
49981
22427
40354
91538
17308
41773
51271
34856
33557
32575
77355
95024
54662
33658
67381
6425
33435
3356
8950
35597
39674
36096
63253
48016
66742
88923
68392
35307
63791
54119
71552
47901
77883
44511
13987
90034
50461
28764
99055
35250
39822
62466
77148
38512
34325
43016
61406
59286
42747
52811
48785
62429
78084
1236
71333
17511
66484
49329
77633
77232
74737
33421
72054
49476
34363
99047
47609
39243
32844
53696
83514
67311
55699
60961
44802
33679
66639
97739
36109
28992
74926
38604
46156
39665
52564
18685
76194
66776
54895
66949
38464
56826
55142
41976
39276
68556
36342
54145
45718
54484
53875
57201
21225
64620
43050
49547
44525
42212
51739
40158
66372
90004
68004
44564
18074
77116
81656
53188
77701
78192
39327
34391
90414
50832
89988
42325
52628
57441
57382
70467
8318
55043
45397
26763
43702
39618
27028
40875
71348
36321
59365
38879
35743
33801
35072
56404
56299
44942
55363
68220
46667
44360
56290
30673
55723
50295
63398
46763
47362
33792
65878
16030
19059
84937
38414
39707
25277
42483
38466
46204
43647
47194
54332
35158
39245
44891
62907
64203
61242
57305
52997
11460
11361
6747
45340
62851
43421
11218
89035
22168
42346
73382
35243
38323
69612
37008
65149
48126
44751
43951
36477
45045
79350
26845
49341
50046
53019
60208
62122
61219
48255
36336
43975
42851
47033
38817
54597
34000
22750
59854
40783
43510
65136
46540
65094
54877
46501
79012
98009
37979
42538
38979
44264
59904
71183
75807
49195
38933
79956
56757
36983
41699
33276
82597
5367
41290
36116
48608
5972
62865
54902
36120
37416
11180
40003
77351
43241
79240
35123
44455
35813
49869
70504
76901
45906
64583
44685
52681
39175
34493
52293
36034
60763
44124
64596
42591
49733
51581
72861
74610
80739
34371
49136
7015
92795
57410
18765
37017
10377
87191
49128
37805
38282
40203
33274
43988
2620
16728
9583
60367
59841
61886
58350
4150
49412
39569
63041
37630
45051
39636
64396
41085
72806
97988
65627
52937
40843
35325
90904
12103
45862
40191
69891
37496
43290
26981
67620
35781
81522
36451
93815
93844
60091
76834
52192
46415
59213
78059
37618
15726
61647
62358
35225
99377
2247
33827
57146
82294
50134
80280
16161
11302
38309
48766
45459
86517
42660
36694
23197
99842
74586
26534
80725
59805
34334
65566
35998
60680
23653
9183
58718
38783
92701
31163
36814
38527
89720
47291
37427
53526
38878
60547
85287
45180
68005
14877
42079
49886
6845
42389
36551
18070
85930
10384
36752
56928
42879
35584
93715
58479
80222
33617
53535
23706
62036
48961
45768
35657
34248
47817
83566
33635
45548
50508
17994
72221
1091
40457
69081
57417
44916
37745
37534
43000
23672
29671
37848
38660
90529
84033
31985
67925
36570
47473
41747
37768
76589
50008
36906
55266
69031
34803
6844
99999
34991
94957
49142
50932
41564
41367
68324
38404
46165
21693
66900
47532
78945
33920
39151
15482
93723
48646
34622
58496
64577
53314
66775
46034
38155
36534
72628
44284
70211
46375
37455
64037
69598
47908
44421
40326
53615
16384
53937
34171
85703
45889
62001
54118
49496
75202
75136
46428
55491
43915
69129
35701
94097
44484
32556
64765
20877
75364
8321
69965
54710
58721
38593
37303
51770
18980
54406
38040
32874
41116
96539
35614
62436
72811
43368
49696
12273
42279
58842
29598
53884
41099
38719
35498
60611
41013
58794
91126
33090
95839
50443
34765
11575
81036
98799
40256
53754
67854
44986
58951
3058
26788
35972
46192
83821
59505
24917
51662
40842
36809
43069
87895
34430
49071
52239
42579
28101
38138
79019
59935
51999
44879
37678
63132
53274
92810
52964
44166
24665
81207
47167
65534
53532
77970
42328
48949
66810
81862
67402
33360
73061
44354
38130
39578
38540
86332
76078
47830
44066
58785
47648
48110
33929
67028
58404
81690
41188
52277
36674
35180
43843
58755
18622
178
41758
53491
5483
73601
72565
73299
19538
43639
40550
36646
37976
44910
86097
73379
6236
72070
37329
66148
29623
72252
57450
38625
40609
10702
56057
4646
58539
82054
30555
71100
16018
10380
11501
30024
50293
54803
14185
22043
41511
43492
70251
65827
73199
65589
38547
67849
62999
50888
33258
42916
36712
47337
47707
35487
61333
96571
39790
93570
45179
20751
33087
82151
57356
75891
46893
633
37149
43932
24403
41186
61218
33837
21828
35589
57898
52747
35023
56716
48270
44438
9467
49482
94125
40308
36696
32174
26691
37465
37065
70994
53906
20517
63262
45631
61226
19114
40585
77686
78910
8346
92721
11951
54274
35001
55908
60087
55454
53809
59452
39156
38858
81826
30067
34796
96437
41714
55343
51651
10465
16825
44874
45657
62761
60408
88912
74569
82302
24217
90587
13637
35989
84335
40046
30906
59840
32925
43580
5635
43462
61069
3035
36687
87271
36777
12748
95743
41690
62087
29649
49723
38632
52492
36195
78671
42890
91869
38702
33973
45649
84689
45694
30321
64657
68804
56712
95337
51916
22290
73889
48400
67677
48286
44262
47744
93507
33277
41560
33101
58679
40356
17765
44442
43075
37599
96118
36008
57855
61552
35201
51730
82118
47653
43393
41327
22314
35852
46962
63514
17210
49203
18882
90638
50375
94429
39632
22180
85573
44451
69871
51210
8851
40514
28436
55493
34382
35223
66178
88970
15684
41744
75239
46160
48335
40238
37323
33497
64708
72265
48105
37889
56008
77155
16970
52600
33279
61540
39275
36410
94159
36772
73399
35952
97605
49053
69606
37969
62054
46912
55561
37180
47145
68395
15453
51406
43391
4230
86499
39947
59320
58421
68637
46356
38798
42848
2968
35893
39742
39367
51791
63914
35019
71537
24039
94010
69590
34722
34402
729
63432
56134
43810
26020
40924
69355
14137
52495
41110
82682
52472
53991
79672
40087
76567
85890
49080
73780
67095
61078
47530
58955
59020
33222
46405
34299
37891
46826
36374
35227
93505
67270
97403
97869
53645
36600
44687
68260
34273
62736
24513
61492
54341
3580
51143
27780
51227
60188
49548
91231
86114
61602
5666
36449
78043
48084
40086
62401
9562
47814
75742
7351
15790
32521
35233
55720
43666
79661
47084
34603
44256
75441
44951
37089
8644
32164
73687
65831
76711
50363
60953
53801
82736
35290
63064
59196
13790
52620
34168
3185
52793
58062
43101
76841
5597
70026
34274
43507
34875
33188
59140
64975
45724
37446
50387
39488
38762
45761
65249
36424
51436
24215
52311
76877
47720
43357
38627
56103
49475
82264
55301
37993
69327
46234
59374
40552
41571
54016
53938
21935
38353
33749
51533
40270
36724
53419
40538
74470
34569
39510
32858
67833
49228
92724
33008
35738
99291
53555
41834
99285
78045
80757
41395
46558
19556
85620
43144
34272
63686
68158
19617
42663
59395
35885
53982
38723
33878
17333
81846
41007
34012
67031
70162
41498
41157
37646
32778
65661
81779
39676
38651
54018
45938
60642
33699
41992
30812
40311
49579
36556
86715
48363
34896
77988
43797
34295
63552
64262
40739
44184
81110
88652
33039
25816
59654
48755
32898
81531
34984
49218
95510
34354
36616
93156
84852
34211
53658
36088
84300
71955
19325
46127
37583
65964
56679
34729
37572
37642
9352
62830
33075
59435
56186
58477
51793
80819
61091
35600
36133
41688
79136
79585
71007
77055
38841
65458
78726
99102
77379
42893
36069
40017
63560
88699
88724
42016
58543
59398
12489
41552
69661
47811
53461
65408
40754
33893
41653
77058
88193
50380
5610
75212
38829
47341
50421
21927
43379
73761
44752
36510
43322
42837
36074
72675
34925
47070
41018
79403
97712
37632
56726
59118
35552
3873
61191
67664
20861
16306
48964
88160
41316
47281
41047
37925
13403
42156
72472
58059
20580
62035
56078
34154
57982
36400
36083
46496
62516
69837
689
43372
26952
41419
60377
43546
33612
38694
46797
49852
60498
54971
42761
36675
84709
34222
53433
84486
33683
26639
90121
61486
47681
39977
52010
38438
95953
32364
40592
35365
38233
16973
45124
45156
39838
96455
91922
38079
730
46611
60526
45560
50128
25183
16922
73255
61445
78851
72775
50925
51347
41412
56391
62964
85923
11535
16769
34591
64225
45751
3387
33338
60909
33106
55531
18010
12050
34067
84284
92314
37776
52107
45151
39788
69309
53094
59593
52696
99581
54720
40453
53541
53962
77396
47347
77676
60484
78235
12519
64809
39008
45569
85239
81917
48402
6984
41771
54157
17379
68736
69209
5842
73375
9270
37604
50331
94303
43038
35053
43278
52248
88468
98073
50076
45427
83527
72089
97265
37049
51657
6492
55237
15967
32889
71169
67104
72044
20436
46146
77489
82010
51024
76464
53882
57113
51086
5106
75764
33573
47825
41148
78417
23089
45166
3813
38078
78841
33665
10079
77551
21568
33143
74834
67206
21582
51529
65932
49764
89796
54335
61760
9693
16902
60104
44068
56417
64738
84673
53508
28857
36935
86609
48708
49216
56586
25805
43401
34976
1691
56341
66383
10263
46583
50282
68821
55832
57268
44042
65847
239
33542
10569
27057
42924
77365
71094
52587
40731
19825
69461
94511
37450
28441
23982
47188
11581
34094
33157
85552
68685
65431
70284
59983
77955
60276
72878
45634
58336
50902
32974
73468
20233
17064
71291
66534
89615
41373
73490
35532
8204
16570
41891
46073
61921
40390
89959
59746
75863
9689
65209
18064
38583
37356
59393
38254
49705
50805
46250
52436
60582
47195
43054
59451
80156
24656
68807
58819
64164
63713
93610
39646
72188
51603
42012
58778
85162
36014
49871
63985
77901
77873
41979
82088
88649
24017
57328
36048
53225
55002
52516
71022
53292
17226
3254
73092
43870
82648
38452
37639
8399
39656
59908
99536
34797
90891
73807
43556
55735
71412
92682
45629
57941
42024
36483
45721
47676
7905
62537
44864
92856
29184
58179
60543
55923
5380
40876
34169
18436
78562
38359
34027
12119
75798
70984
69865
34609
19829
35288
59204
41202
44396
33127
11369
77559
18443
38571
36262
58193
56952
36416
37423
35231
34016
38052
73428
35620
59271
77001
14250
56223
13842
37924
49309
8680
13658
48911
53899
68410
80223
35686
33853
60539
41045
15285
218
38153
79952
47004
47828
41520
81084
39445
39694
44204
44466
52245
16885
17042
63813
76927
41206
34264
49833
36183
30919
71858
54512
39146
98825
2672
41643
43570
59180
42127
39964
47721
35566
47942
33676
49938
77409
38324
65704
76085
67650
54469
52983
65795
54795
66820
61503
85439
17863
52642
44803
62622
78449
65485
55737
6930
45212
46701
50016
55018
33857
47456
41223
94391
35441
88692
52187
50659
40012
65592
35879
23237
92601
23047
49998
48678
23987
50956
35259
98087
98224
64438
6891
40762
43096
97524
82683
9264
70385
57641
84224
52705
65659
51874
70037
49894
16305
43333
77213
54150
32909
77118
72885
49643
56402
31473
48443
95998
39047
41574
51482
53715
68426
71187
40928
34911
14316
7365
39843
34957
99242
58288
33103
72159
68590
44350
41533
51867
44236
29247
74752
54504
68135
49606
75322
40062
44841
38603
30842
15464
64774
34523
50257
63455
40996
59216
39383
34370
68800
69424
29652
68100
37297
65955
51812
58562
52783
50710
73290
57743
65632
35824
46956
64007
2190
26323
31266
18429
95863
66224
47028
36574
38207
47680
34310
62274
40414
43365
67354
40119
38239
33164
38638
34174
72035
73099
24359
44405
2668
42231
41746
53459
45023
51083
56426
63944
44486
63724
47267
93842
67113
22805
72326
48702
38471
35083
9892
11741
5160
60013
5064
80809
65284
88232
67275
41382
35527
40705
61058
67826
38757
71610
71514
38521
47042
18718
32920
54545
50994
36542
91448
45478
20008
46456
41704
92414
73019
33996
33809
69519
38872
96096
40331
42702
46359
35894
64060
62258
36912
14470
92136
37767
35651
40139
41336
41225
40485
69326
38049
61064
48498
48022
73482
82623
62129
1434
52425
58996
3063
74940
65471
36355
36759
35677
28153
72673
28573
43864
37898
96680
16162
47428
56988
56035
87708
63320
45630
38090
68080
68892
34091
90789
70406
49418
86395
44126
80423
57496
33224
73124
79945
37790
34524
63941
66816
35704
68635
35450
67432
80579
37791
22131
80643
57923
59294
66878
97503
76091
55322
89528
5607
44682
19826
36864
35279
88512
14606
49914
34185
45358
58000
66314
70707
16296
38234
54225
55127
24790
69308
87036
71897
86472
18299
58056
63529
34932
41843
64487
15594
88717
39168
10114
35710
36418
61815
40416
56432
44287
48795
83651
40059
41860
53638
33461
62854
35748
43545
49398
74888
72151
52051
75127
49179
35295
38441
96415
64483
34632
33670
10513
52310
51958
32864
45546
44569
36205
43058
61518
58197
63404
34679
37386
67722
87467
71410
34561
48456
60537
51552
40056
38010
50216
54141
39084
39142
63482
53572
25419
48078
46864
98776
93774
93565
39398
54627
55190
15203
59784
38667
33158
46969
14464
56932
42306
41982
87575
18172
76042
21529
30047
63780
92943
45605
38044
8562
61351
52554
54542
77904
64290
48133
39447
46056
60038
44542
51960
46224
84003
42628
37912
34347
92001
69091
89562
3366
64785
43654
28059
78021
47803
44606
36387
84919
84250
91572
59698
38923
17723
25435
42260
53238
75361
37612
48725
28617
50437
1140
36908
33968
89249
73695
59031
50322
79658
38971
78159
48676
50860
65019
36780
23437
46872
48930
33454
77109
82752
36964
18730
88173
32632
49451
71654
11499
47011
93932
42215
35696
34366
51223
44130
50749
44820
18864
41912
12482
84938
45442
42072
53688
6883
51224
70530
49745
40099
61977
47972
24161
69204
1506
66915
38439
39095
91528
39579
68560
55149
94779
50955
76132
79388
45863
3716
69215
58234
69227
37910
56561
35528
33490
35777
36844
40267
68229
41784
58418
34948
56651
37872
53271
70714
43164
70938
69717
88567
63027
73836
27559
50184
37374
58753
76743
52017
70462
33317
57192
49684
45993
56613
88125
57566
47368
36164
71219
11378
56833
39766
30760
89041
65280
36077
88757
63311
64905
13856
42590
48818
46471
33905
70002
34577
68119
37667
34253
40302
70371
73014
87876
34564
54202
34003
91009
98331
63129
58046
32887
48939
38619
36923
45184
37274
40866
41279
85835
47313
73518
55275
33390
84469
93110
44488
62859
50364
56049
47678
20234
51969
77025
74585
30796
12996
56877
33859
38533
32965
53133
62889
86225
74975
64247
42371
66954
39006
46870
51648
45931
34666
85173
32871
21613
49824
92436
42931
98204
80230
55092
35495
52091
46597
41488
35102
78436
65425
34974
36379
47196
44165
69382
83210
35720
64010
50909
14991
73998
30783
37502
78468
68798
56355
46011
46162
45562
46085
37448
36199
76423
96619
41596
34200
41207
61722
75800
40658
61975
13136
34438
42369
40657
34880
63720
47118
33298
64665
62720
33867
80902
23799
43263
93362
29675
77243
39242
40348
43539
63739
35014
27063
74467
45926
33280
58841
19876
26336
49019
98982
53768
44541
77177
53341
46699
83999
36329
98781
73627
56485
50604
53770
72829
36499
55749
67690
33783
65053
47129
32783
73182
46472
68634
63140
52012
55210
43027
57461
55534
78271
70565
38336
58600
35173
50990
34642
41236
48406
68178
7415
45932
57336
41972
63806
65362
45502
37896
34574
62048
75115
93322
18602
53727
60190
37856
41737
55582
80798
99868
52637
60406
56398
36273
84325
19137
91495
36788
35595
37834
92182
44487
49321
94316
35240
38996
41366
44507
64999
37160
40058
30653
45293
43326
63072
66746
55589
35736
56960
39837
33729
42475
57702
14572
75447
89453
42015
68061
45146
39373
83285
49279
33172
35127
80191
75335
56934
35338
58880
87045
59225
53415
74447
51942
64550
36071
40111
55231
97168
46300
64723
75664
7610
72937
58034
38930
69329
9918
95822
79140
31012
62236
55261
33392
11797
52906
71980
52930
33724
70171
38257
36795
46755
8867
67587
46385
34365
67792
81029
23429
81249
3392
79954
54014
32877
11650
84167
33624
53739
88380
24819
22646
63617
15754
11426
45271
49285
38634
33352
94651
19778
48502
52813
42182
33544
36949
93902
49529
70470
50118
12082
50748
25664
66407
43979
41232
62709
38140
44999
4023
36364
76572
13829
87862
52218
7247
41187
45680
7915
41803
52544
33626
52521
64141
49701
52716
90130
55228
93790
35040
50301
71247
53518
33585
21748
2700
30985
39486
36218
14539
81472
72936
2409
57380
46437
62134
18991
51052
34519
56212
38875
91913
46632
33931
57331
70391
21738
43726
68826
43692
53774
77457
36101
60819
45525
62223
39394
34442
32896
83445
39678
10721
3004
75830
35543
73532
89504
50290
36062
33160
37567
63747
45070
41259
32674
38307
58746
97085
86002
40874
34558
7037
41056
94696
35926
42464
44720
42553
95081
58917
26012
70585
37832
88035
37641
29883
41544
35371
10816
71859
68498
55647
35569
34702
50254
49887
63716
38462
4388
60626
66312
70964
42221
89400
22620
63128
91908
39348
67602
76672
57709
56813
28623
34712
58248
20147
82397
63108
34123
35256
59788
55726
38364
58924
2354
64814
34251
79584
33648
48523
51762
74063
90877
35172
61632
63746
67291
72874
70925
28489
83324
90779
45755
46440
35790
89769
37087
33760
23796
81884
93464
45710
66483
50755
65905
9610
64113
36113
12698
56121
41743
2541
41010
75165
36509
72160
42299
35692
1886
50187
90010
71852
10754
11698
33197
53759
59321
46132
51596
38810
72941
42791
68294
48829
38553
54072
41182
41719
42764
51977
37660
61902
39605
61719
33520
38160
83400
66935
63874
70754
37286
64530
41505
58243
68301
21257
36057
27997
39986
26105
34232
12811
47503
72094
64488
11980
70663
23121
68659
44226
57163
13151
34126
96557
45113
64687
42682
79684
97874
58384
48657
33710
39024
86235
61905
35197
59312
55392
18641
44071
68991
36149
34039
87493
69826
11835
36144
12230
60479
42292
37960
92618
88252
46095
43353
82900
7932
45929
40025
34680
36822
23913
32927
45530
9318
33880
41368
95871
34335
56056
44722
42236
33269
3374
48440
41404
39256
82254
63845
18033
39437
45237
49058
20515
47429
91153
6212
52809
44638
78273
72442
37193
11862
38935
53316
13915
48032
53999
57342
31124
56961
94341
22905
61581
41695
18056
53385
39224
41358
34282
40780
81471
54973
2293
65263
39603
90931
52991
43734
33447
88520
34300
41359
33597
88803
85087
61873
12116
32942
22033
33073
41111
50984
37090
54304
93641
26850
29180
85514
45483
37128
51470
25935
59591
33467
13617
38710
44921
46867
21144
65050
95557
79030
87840
26210
45269
69415
54232
43661
41702
11610
38092
44355
88027
32807
71447
56146
74920
29841
37571
49994
47078
64576
49194
41312
69493
33844
39548
37466
50250
34652
37996
37775
31468
43177
35215
27279
38519
89016
85469
61366
34922
81421
38110
85296
3794
62796
39163
16119
36841
38778
42323
65309
11705
48166
35991
41360
48313
51474
50884
72320
42310
42296
24320
25782
41729
22045
50168
36586
63601
31643
38449
43895
36882
16898
42249
94363
54419
76299
49595
42898
35075
42507
43376
76201
83989
33737
65557
36053
46229
47589
35374
40318
4058
34175
34355
59733
48492
9476
69023
62266
78210
36681
69153
38715
94833
9433
81926
70960
66546
57301
43966
35929
18508
56917
34436
12951
64535
72873
76212
97496
42881
37569
53075
36775
55509
39508
45276
17017
42705
51980
35683
48891
45465
41194
50886
54967
76759
50690
45036
50087
68686
80409
36885
58314
44971
55643
56027
37823
51683
35558
14635
72371
84092
47093
51557
40487
47069
42144
90984
50846
79560
93434
45552
49140
53096
39187
84742
55803
36576
52579
52466
45861
41503
8266
43857
58493
34203
40563
76164
44238
44305
82800
60243
44427
35742
50179
25489
43048
75771
42028
44664
42637
13714
45937
60777
41457
50539
74157
52108
93772
48316
22603
36422
14622
33109
42358
44806
47558
42760
69417
57029
55460
63649
34950
33561
61146
43195
36733
43173
38985
72066
53506
26406
33381
55159
89986
54321
96904
44178
3763
41226
68190
52062
33048
48006
72418
80713
41626
98522
35679
57688
35146
8864
35042
92467
60337
41036
50102
34527
96764
84855
39217
39866
43300
35901
28549
33944
12834
82688
42149
36783
33805
27160
59341
39092
44037
80846
34771
14537
53608
84348
50241
46838
68299
72616
38165
41145
56233
50988
40240
98761
36201
7190
78000
45901
40357
35255
70649
51202
38142
2197
70319
47690
35316
54028
37766
69419
45185
71134
38002
33479
81374
46757
70020
83602
37619
56710
41973
65093
44604
99848
45972
33190
3271
66262
34105
50207
57813
59054
58392
43299
38412
8144
72522
94131
33399
81096
78794
12461
48345
77577
37212
61424
48342
38106
79108
36266
29669
78505
44448
40548
93875
56781
38790
41363
42018
39495
51142
16887
49070
61140
58894
19205
21898
19506
39631
36399
60456
50454
50390
37680
78294
35376
34229
48869
49610
69839
38566
49072
71576
58290
43500
40369
71467
63913
75210
23107
50844
51016
35650
41231
63920
47875
77170
72471
93083
57790
55696
53458
81785
54869
56328
37542
16083
23312
18148
52866
39289
63883
73705
9255
48970
57632
75637
51638
88046
40310
46441
34613
40272
38386
94126
35809
50131
71423
44123
57765
66524
74185
69263
55989
76792
47234
83147
86918
54856
39559
55994
33706
39908
40146
53100
60077
33574
79922
53251
50065
49137
53985
40199
55147
62698
36869
98739
48603
73931
98141
89444
73755
42021
39894
78654
44686
57909
45598
14815
25621
69609
46153
71155
75952
40044
73600
8253
48935
66165
77211
76271
61489
82946
38250
37447
6976
85375
41492
84901
98540
36407
39660
36103
80090
91176
65506
33105
47796
61965
50783
92699
46115
69797
53485
54923
60246
56151
35341
62457
80487
62610
14244
71095
38746
17759
94119
33718
38473
50816
55780
33664
29857
67878
67699
37232
14429
87622
29837
77193
21916
99410
41140
84746
73357
47625
68477
39491
88131
91089
33694
60552
61417
45950
35767
52713
24752
32973
53886
57963
60444
55223
82200
27214
17719
48671
72978
42082
35762
84655
58367
34293
72388
46477
33438
32967
42078
36234
54230
56536
39417
35919
36198
74532
67419
64724
60274
55344
33806
95543
72392
50840
49016
38120
36748
57739
34973
33919
63580
34011
50099
35819
65502
24130
18925
42504
85123
56044
40278
19359
53248
33311
34245
6294
50360
56745
83906
52055
19233
23114
65809
36667
35103
1671
36894
35784
66210
59718
58297
40968
51964
47937
36682
71803
30798
60352
29631
97251
38300
35456
25940
51857
37364
57057
39595
81235
91306
60009
78288
35673
35144
63160
65796
8921
59075
39855
33499
87629
60749
37020
63896
86596
34778
42772
24878
73952
47514
95766
51109
5182
46031
82684
94766
81598
37439
9549
10489
56895
53735
99869
82078
62189
83259
79601
55240
78966
56152
42314
81909
51515
40171
69658
38261
66080
72514
56446
66767
43818
31896
85931
20435
37430
38401
77829
35806
43989
54941
96199
67866
88731
71784
61274
58281
85943
75538
84413
89868
37144
36000
6253
86246
60701
38657
47376
34329
47730
43438
74340
51107
76481
51598
13084
20131
38243
56284
62877
34633
45997
81152
40027
43080
89624
76393
43399
35975
43526
47756
62098
99597
34267
40976
67946
37346
56575
93708
64315
57125
39620
18300
35133
38348
44259
56204
52273
33272
38009
41083
94456
40405
44558
89385
95600
42945
43452
42871
80210
55797
38055
43250
96855
47772
48124
50401
64728
49819
94952
49448
36968
54834
94545
72942
32396
65870
37684
53742
38666
75685
35909
34879
59006
70046
58160
19097
52806
59166
60585
45867
45136
56187
35438
32848
50100
84615
67227
54573
60607
25262
56818
51868
96253
70742
37484
33562
47812
35634
36352
67817
41354
37438
73813
94378
54218
39573
33986
22929
55528
27460
16653
12740
35220
35711
16896
37523
33439
58931
38440
60982
16894
39145
13124
82255
84500
33472
14756
53276
42963
35575
94825
36603
88975
35516
15953
72704
40464
54369
53941
52098
23210
43455
48295
43746
7840
38474
45616
82384
54972
7090
95261
62183
50950
49305
66281
87733
38187
39231
42676
51970
45150
37522
42991
4788
38154
78117
50674
64914
37578
5974
65943
32893
39734
75310
91406
54410
92626
59686
55359
40437
15110
50208
70034
7855
42767
53641
83706
40197
52589
38082
63275
50800
44574
37398
36469
36173
17514
94324
53631
76142
40445
36332
61235
85342
23448
39698
40015
2918
81406
51266
77357
34101
41833
42973
34966
33475
51849
49029
32880
34625
46525
17387
38095
42913
46131
44075
22036
50423
53310
43800
52772
36754
69352
76135
70983
34637
33230
57493
73871
30840
40488
45165
73818
64832
38385
40167
34265
81629
39670
43663
63367
99406
85505
42700
30654
49284
18077
61665
51644
36575
52810
88263
77181
32774
64295
74802
52004
56690
39512
37030
46658
60209
56105
62834
44214
66230
40621
1909
33121
83362
47508
22101
35705
99770
37873
54944
54191
33735
51574
28807
28592
36614
47857
84449
72976
23708
93966
72988
37704
36889
97680
67738
79119
59607
69361
66111
40826
33864
33726
34050
82919
34655
42045
62817
14156
62469
91719
47975
92267
70475
38957
44209
34165
53118
83132
18351
48332
89113
40765
9443
10389
34829
16407
35065
28206
75407
24092
37895
57153
35706
93230
39774
32830
56652
93180
66217
53623
64117
55462
42743
34516
44517
69626
42693
34246
30496
53231
54222
33759
50830
59489
88905
63523
63890
17659
97613
92144
43443
55936
27044
33782
79023
37230
33963
50049
67420
44191
25430
81375
28451
79842
39392
89581
94309
39323
43922
40451
33035
44817
35299
62872
35671
49844
54639
64599
51517
89487
51607
87984
21862
86335
64284
51277
10658
36857
76363
49126
44577
41728
54828
36043
69986
65393
49896
45013
77206
82265
46461
20873
67542
20851
45696
70143
41154
41628
52358
79767
32945
51124
62818
37227
41816
63162
60657
40718
53144
38006
43641
76530
69931
67520
50636
39377
52954
64595
99381
41189
44600
19385
43200
6025
84416
26539
49403
19593
68157
46334
34131
66606
37637
82166
46322
38018
43553
59071
32693
84121
64209
97737
2606
38991
17422
64799
5134
41444
60327
92826
42735
74849
68134
41299
36553
47955
33428
33975
69573
42704
52257
37908
22793
33285
33722
11576
42293
28855
43481
41693
62552
55224
77678
38623
97842
36990
33634
78800
3030
34179
62120
44882
45585
50486
50465
70455
9999
18126
29380
62694
37326
45845
40009
37906
54991
54296
7815
45283
40684
42368
59107
50586
53978
53339
45059
75478
23320
32993
38252
47636
19499
69940
42431
35961
28889
6673
45170
66932
97493
74056
65564
44186
1203
70777
39018
71020
48416
73016
67574
61214
53877
39325
93655
39179
39312
42139
13246
51314
95492
90144
36140
44094
64532
35739
36076
43935
15470
41211
75583
59305
7864
80806
56901
9703
80889
36257
60796
90921
38454
53930
37806
73198
58380
45044
60823
89268
42650
36627
51701
76416
75673
37764
39518
38954
44027
70225
33851
34537
36702
80008
66517
95415
15785
66344
25037
45881
35816
66251
17802
80985
85328
27477
73427
43669
33431
25080
78071
49931
82960
33196
60656
40615
78377
66510
67751
60414
58130
41107
35746
47798
34624
34744
45217
38700
14066
60096
62608
36615
54699
70559
39218
41597
45197
51019
14474
56490
39732
43167
33235
10955
63599
38211
61393
50484
8198
52264
34955
41623
62382
57668
38200
95605
44116
36382
70582
52480
45476
58855
36547
72387
36785
35392
94804
39654
88701
74842
35661
9788
66707
57647
34159
39365
92252
86948
56740
43430
59542
36297
37860
70517
61879
37769
47412
69012
46500
55242
43088
53865
63551
63668
30967
53647
14682
74482
85204
21427
92843
39497
65744
62767
36365
67002
57159
95589
57892
34193
57954
55862
87702
43775
37917
40448
50995
47290
36303
63684
76168
55571
31018
65338
51622
55362
41765
69557
81270
75109
3530
36992
71686
34399
47581
37705
40715
38251
55492
37240
88229
50733
40701
53793
65191
34008
43581
43234
33714
52908
4890
41351
81340
1629
39543
27678
79122
20215
64111
48967
17184
94219
39733
37322
44660
53042
56694
35606
69568
39372
92862
46103
47705
36953
19773
71303
66941
42170
33708
12842
44021
46082
85259
50389
78082
66181
93069
39258
4401
43423
38094
18089
43405
49478
52029
71895
89102
46871
56467
136
54165
40830
88135
50146
52199
65944
33247
70153
36942
81117
28861
38902
53845
71579
74518
38145
85318
90802
57872
46674
42029
14498
33117
62531
78842
55637
52765
82885
54505
79033
56018
56240
72430
60885
79980
18476
96346
64041
34795
53303
46307
54368
42917
38992
22317
41686
33422
50028
41799
18582
78843
45482
33419
36737
45953
28567
71795
42457
99092
59198
40796
89434
54746
39206
93366
85912
47116
42326
42405
34070
5062
35318
55085
49087
85978
11608
43750
39040
64218
94871
38704
72934
56124
58215
17740
39719
53520
50609
56227
14844
65800
33463
69934
63227
28485
58208
38089
53683
46396
35707
28813
41523
40730
70924
66133
14047
44684
39622
23589
44125
66649
64498
68039
44108
63629
53489
21058
41770
32771
53409
65379
57317
41389
44859
7197
39527
38726
35106
65349
58257
48665
46175
