20153
81326
57529
64919
59961
74486
32896
89913
69751
47871
50423
81869
13000
60308
40182
52504
48730
91331
98036
79972
99572
37604
33927
41969
64523
75593
45043
39628
50013
51611
32905
58507
38457
52283
45219
36701
35972
82113
8647
50500
27609
86975
66188
39054
74090
41702
61695
65802
81359
41097
72664
33922
42977
44803
21809
83772
43699
45680
35123
57907
49369
50091
41348
52920
45418
33704
55944
62545
48921
60602
89701
28599
93781
11968
47757
21248
80287
54906
37297
40966
57823
48099
42061
93192
58800
86291
34849
37689
45707
73963
42493
70269
91811
76129
50594
50657
40978
84915
25136
49009
59857
53216
47273
50113
48680
43106
41872
85928
43117
38235
46953
62166
47354
37073
78604
41113
18712
58894
67224
14524
50661
45674
22642
8801
35883
68132
62125
36677
58921
97229
54505
29758
9938
46281
71958
25365
36431
49148
42609
38710
44106
82199
64982
39894
65382
89141
72360
87960
46382
43291
11727
39031
55825
40164
25163
92695
59505
46033
56779
35882
11811
94706
59425
17698
51281
68341
79428
59622
56361
41887
54703
58328
58878
64532
49115
96701
38173
14249
52403
41052
67714
46453
20690
49151
48076
35352
14259
65633
42446
44432
35495
53043
12623
70139
8568
23502
62694
59459
5788
78690
93573
38862
79150
51894
53652
77813
59935
74079
2602
49438
47204
95509
54132
64204
49269
80665
57958
74331
49597
37326
23323
38840
59976
68371
7082
70420
37152
14737
42418
73292
79324
47697
60529
84693
40843
39510
48553
13413
66849
91018
37662
12579
18665
31719
41728
65330
68298
91672
40791
33879
50237
56040
55363
35031
86206
56574
35714
94117
43744
81046
76877
57712
38833
33324
35503
72737
73034
84368
46156
92036
55222
43503
46054
36344
43962
44410
33804
850
49667
81490
4152
20729
43077
34616
61827
55475
81670
34180
1704
41672
76980
91997
62594
63245
54784
24766
722
42303
61178
94007
42623
38273
91754
42549
17669
37019
74504
79265
44617
33548
82282
89957
60201
33310
8802
61386
39474
43947
49368
38526
51442
62787
63720
90744
8207
48324
94663
39005
52253
33326
37592
79403
68329
50282
7240
45476
57102
52362
90962
92351
54098
93256
72267
54212
18289
38209
19023
53386
82010
44670
51428
46141
37158
21917
50529
8378
83306
18856
42794
61781
72326
1537
64508
82848
36990
37036
96345
42647
57171
50759
84185
34678
95852
16105
49207
33642
56799
54299
63118
87545
57110
57800
60477
60310
50036
50976
52299
8119
69900
43446
57877
49732
11394
55219
33187
92278
20802
59971
38084
83945
53932
37247
13196
85908
55442
48565
54872
36456
72293
44320
79888
51802
60101
72436
76852
37420
76314
57099
63952
41789
60844
36630
41155
62656
96604
52311
5635
47067
38752
88188
6565
65552
50920
62391
78301
55057
32884
50551
65191
78820
34544
44238
88390
61894
18637
66294
47228
67616
80267
28938
58642
50691
60432
45578
47323
35507
49191
51939
66119
89014
97969
37943
64180
33618
41496
92166
49127
54074
44549
80088
48695
15909
97789
35602
10170
39119
93225
42982
21685
35508
59038
40398
73788
87540
37383
54165
72960
59497
90953
37099
37928
34527
22851
59270
73115
61061
65723
58423
33758
45805
78423
73054
38825
34543
11755
40022
40510
78163
34541
54596
42063
34222
33197
36882
65409
47687
30028
9444
64530
38989
64933
66005
36577
64938
64975
38885
55445
43298
70836
75614
55812
27034
98434
45082
39394
56638
52409
41185
7897
62846
82450
50781
51714
40726
86132
47906
48022
81332
36441
50955
40143
93118
40034
96040
37005
45236
16890
39827
36653
53974
84437
33373
41175
57504
45769
87387
42260
48235
30940
67918
37721
57911
55217
37329
60544
82559
38157
64987
36950
76124
19817
86828
32772
37898
18735
47792
80270
41674
39687
81139
16099
62496
36607
47149
22177
60670
36339
38387
36245
58372
64859
63518
62508
61100
43712
34713
60500
46109
39925
39754
96970
53024
42477
93904
45329
45045
78117
36007
60204
58483
49852
19918
50463
47583
63152
41142
73024
33992
35328
52306
41116
46239
54551
28063
42640
74148
61822
34440
61832
40286
54448
23513
48146
55662
52565
39118
83327
41868
46055
39921
45776
62889
58086
14174
35743
2942
59933
38338
50299
81181
37164
50979
47040
34894
38194
68601
65264
53845
40123
58253
37082
53399
63553
40007
17383
32922
38822
40871
84792
34189
46980
55237
71361
53607
38480
34790
52710
47500
44458
42963
38035
76269
26866
76946
72320
13611
48962
61782
44719
14071
35897
39181
39943
48521
63334
48114
57212
42630
45401
35879
87033
45211
37752
51541
50297
75835
34404
58100
45079
33656
46836
43316
24108
59737
55152
46218
82890
49772
13318
28732
50354
9677
80161
51647
7447
45302
47843
35409
26409
17069
66378
35035
71277
75062
40412
35914
36978
44969
38737
6956
37260
33025
53469
71787
37976
54678
45103
70652
53317
33035
41767
35607
35010
36193
60275
68181
70036
32882
64690
67332
75387
12208
40764
4612
33089
60031
37828
75258
36030
79670
99722
22490
45071
4785
31913
35526
64526
34989
49329
91417
57516
62711
50204
43288
68741
34154
45348
98542
38891
88128
58109
67598
92266
88199
81736
81945
77525
33010
49586
63057
17441
2352
66373
99461
16933
90587
54227
52426
59781
35903
74929
60676
61304
40821
76364
58290
69882
55879
17478
55676
40607
37830
42702
33812
83791
50506
56601
73675
97983
37417
66319
22410
77798
21898
37131
44389
39251
71344
43506
33122
3548
77128
35124
37235
34068
64844
49520
62131
53477
44761
54918
41429
8936
67829
40248
93273
49343
57388
21529
62463
40558
26862
7459
33157
52627
72161
51901
53977
46241
62321
13868
61276
49323
52531
33778
48519
90858
67673
33905
67551
16623
58170
59021
42488
91179
37415
13876
33165
75282
55828
35844
40731
79617
62453
77081
50548
68574
48189
64179
34571
14075
40029
42944
46938
48510
51949
74634
73996
20470
50581
34035
25269
40792
89039
64478
44902
77991
73246
53928
44640
76453
44398
72158
95599
33878
42185
34027
10209
84104
37124
65381
35539
54616
34506
3944
12212
59024
83110
34559
81853
25514
40838
49838
43338
89759
73635
88927
44496
38196
62448
89632
59432
8394
48333
34710
41254
45576
11907
36493
1249
22176
58852
50612
43262
36236
44276
53427
44373
36175
32818
75860
20177
43853
56481
88141
55778
20204
15542
96947
74262
88501
97837
80061
66995
5879
27987
38093
46573
37026
68178
65759
70865
45659
53416
47930
34858
31782
37456
39385
79233
40599
70042
42546
47343
37024
76660
41802
45679
36559
63886
54285
68196
87324
56974
33023
81367
53140
36110
25011
60030
48606
77970
61014
7980
51887
15803
18145
42153
56275
37596
74639
49064
33380
46150
14945
32815
46311
30728
44089
59929
6868
28244
46231
43052
51070
51535
97373
67321
85667
57098
51574
9494
59061
29034
56378
54216
38915
62355
61907
32948
96015
70270
41347
65326
63928
35590
57544
34040
53291
67155
36104
60832
80244
53638
51676
41279
7145
37944
65109
76457
36256
45737
47623
55991
81081
48560
41594
37207
72617
53050
35044
44825
43620
48784
41066
43056
90964
38794
55982
40190
41869
37101
11287
53248
41440
54110
60046
57326
37312
36985
57173
36051
69863
78386
35849
68016
23872
49777
78602
42247
88565
92599
33028
41317
41057
37110
71567
36642
290
65478
41350
75676
36282
74062
36680
71039
53523
81826
60328
34591
91934
43346
83591
86479
42168
49050
51814
66701
36980
50653
46692
77033
78308
64563
64098
59414
38687
48988
78503
48125
36259
41952
68819
65181
2290
85740
49664
43042
42032
37257
88826
28921
47821
79944
55372
84421
61261
35791
15740
63828
54021
45683
40177
35956
89889
65702
48970
62154
38829
49502
44369
41645
22038
66408
91353
39341
34336
37467
26982
84847
50097
74646
40833
34426
38576
27762
12778
70909
49356
30102
39514
69770
46618
34953
44151
52744
46336
50946
33925
44258
13122
61084
43660
18335
29644
46632
65188
65150
63615
39625
34684
40942
48669
38734
29076
73803
66752
40772
35580
15670
41144
57458
50861
71670
52932
67627
496
44122
39898
34824
49820
45299
56277
75932
51897
43306
53814
32779
35219
86653
80096
37907
31927
41053
53603
49973
65408
45654
77377
78389
45711
74214
75758
39975
35553
46053
40784
93261
24072
14488
47277
73518
64466
45113
40550
40452
42894
14822
66671
23004
34901
93601
37111
23757
40598
51885
70766
43442
38860
80406
48043
52961
35620
46998
37812
94139
62472
5853
1916
3158
57227
40210
97011
31906
50892
39816
38381
70376
95877
48871
88312
17560
34828
39645
42253
18396
86156
48071
33957
86330
30842
67853
66613
53440
6712
44860
48182
78115
42321
66230
47329
53793
41529
63092
36212
35649
34517
19870
34338
79713
43345
36767
76187
32614
31355
67545
45067
44539
67690
40313
76813
35382
58148
32831
77782
57676
58302
55685
42639
47071
42616
64378
34280
65912
34344
37704
33022
33200
41212
36329
55017
41731
78103
62104
76560
40571
5027
49307
42681
45999
46558
68772
34730
51050
38972
48364
43070
36424
89043
9506
49735
42615
19730
53549
53206
58181
34724
51706
36679
44097
43110
65184
46824
84020
58112
68803
43903
52045
50881
49649
58402
71181
15244
65795
80140
96612
57385
95755
92215
53869
37599
48130
17962
75703
66714
33185
58589
6621
78980
41493
22835
99547
92407
10489
45828
70599
16951
49123
15653
88098
75144
54080
39403
64056
70756
38224
66018
96708
47727
41653
50749
51146
43555
31847
48388
34210
37827
72570
6371
65229
16281
74453
37384
34516
61363
38525
14522
80362
84996
13382
35094
53373
59839
33563
75904
38984
47089
40140
96636
95988
11679
70311
34697
41083
54706
42474
45694
9920
69428
79769
62738
37470
55934
27781
60389
99341
35075
83386
36098
71126
58549
54788
66039
70039
51980
45114
63474
40169
24611
35096
7250
35154
37714
41043
32805
39553
16154
36408
54979
36968
35231
61023
68922
5212
49395
50816
14650
46508
41419
36340
69888
68758
44689
33030
44586
57548
12735
39954
13805
16738
66283
37354
74312
89330
55996
86106
71620
48389
70067
42712
32828
85892
60734
72466
66931
52598
36383
50797
35456
73884
44644
43847
78018
33822
38575
49688
80933
71896
5806
66612
36492
57140
44267
89024
93755
90324
33177
35470
34484
42698
37523
36029
59245
89348
51195
49326
72545
34533
41538
57155
69721
38527
46127
61601
35178
68656
61138
35658
48100
48825
34550
95230
51474
48584
69018
34360
33545
37222
52868
66138
43119
36381
45025
54340
42960
58668
42066
63413
34921
44445
50264
54850
56999
90609
38300
44493
34173
26742
50167
34757
64141
64543
71741
32363
46120
31457
40858
99727
34349
72113
37141
36825
88658
80625
41146
34717
44461
61480
81548
36600
69819
74241
22796
4683
47546
37108
55876
25724
5186
34373
66169
45243
55516
45281
70964
57535
92425
24681
81691
42036
35763
68812
49155
39737
61274
48756
12618
43302
40070
2074
33286
11955
42810
58933
34123
52711
65352
55394
37555
91990
45038
50590
52258
47824
46418
50305
75534
53776
59774
41605
253
55259
51889
37126
60007
46622
2947
40191
6312
60001
58568
34083
51027
76387
65458
69572
50060
34999
75411
47864
44878
55740
88554
64870
67360
50197
35121
65495
40003
78740
68956
43231
38593
47051
41931
79469
41234
47853
37439
66396
40701
81298
65767
7778
51907
36034
49988
32858
33281
21118
53809
35418
59342
63969
55928
67712
40239
93222
75696
95560
77326
76933
60079
52118
39994
40346
98220
87890
82306
55221
92270
49477
97157
29521
47506
43833
87913
94763
37618
39046
11326
52001
53485
46869
34368
49456
17317
46877
58417
38677
58606
72087
35329
75871
26230
56951
19988
38286
34220
8835
46405
46177
44663
28980
21841
86272
54271
52410
37381
48395
67138
91180
35675
49094
58174
37393
6232
33071
36595
38069
29445
42462
22010
56306
53737
85343
62805
38881
28787
39956
53959
65138
89179
34874
42552
53418
75583
33605
64342
31146
68415
42327
52714
35565
43121
47264
48134
46749
55940
41747
31063
37676
75033
75171
74284
40438
32789
2521
47139
16527
85297
92356
76876
44708
54174
54154
54149
60006
87976
64839
49607
80298
39864
4061
54734
48513
35331
43268
13814
49551
34866
38580
37825
75586
79598
34394
41684
34897
70621
44857
68957
72889
39508
58238
33469
36258
64520
46493
33985
76630
52500
54853
87934
35758
22081
77178
21924
42014
38042
36041
53573
94734
74494
37691
83316
48897
26397
44665
57811
64662
7994
54950
87398
63718
99542
77518
51582
68219
43726
72190
37834
41918
30095
99211
46272
50105
48400
44779
44375
41631
39756
94962
57181
43260
66308
42922
76303
13325
62328
40171
73179
43381
61711
39015
45451
86996
61395
74989
34350
54576
33065
28704
39789
65883
46680
44120
38663
46524
19614
86509
26876
35766
58916
34814
38493
67874
38618
41115
36429
58611
46689
47294
56535
44932
59741
51022
38651
27537
59906
9430
97505
61259
35083
9551
64118
49518
33151
52848
24953
6966
85630
68661
38990
98705
66085
64012
39243
73124
49193
48397
46744
58378
35734
40092
41875
34535
36476
58559
44759
35569
40488
67435
52797
74841
8878
79791
78141
80845
95282
74165
68084
29509
54605
37759
50291
58517
61809
74216
54775
40840
33354
58909
50016
75680
67707
83522
65394
34178
73438
62831
74484
47523
58833
54696
35341
54485
59682
40357
66864
52225
45439
64067
20224
33757
64873
51705
33534
33110
36008
35877
35198
76837
81158
34256
17008
99799
75926
35629
48737
60196
88695
26370
1132
91959
20374
38363
36676
56945
34092
65496
37993
47151
73344
27912
32770
48761
69025
33744
34799
42040
37322
49987
34584
77254
47883
58871
83273
48613
94160
22679
64463
57667
82522
41451
53087
64289
83020
35881
62669
5888
49095
45376
94958
89021
50767
59040
21495
43006
39542
54346
40730
54026
54180
46179
34058
53722
8376
86980
23712
79859
65313
53563
78479
64516
62945
6341
65107
37240
47654
35108
76525
58694
50932
65056
42617
40933
38927
36322
84405
40719
68276
89778
84418
67848
60994
75000
21696
54515
68325
43342
66448
41294
42875
58013
51075
67855
45002
49416
40500
2744
87229
56961
61204
42873
42936
55716
92154
52133
40059
43100
59070
50897
38056
59304
34079
32023
36840
66622
42062
7673
84909
85244
66504
66096
96570
40456
70021
35147
50818
38267
74966
41297
71332
34658
40634
12800
46093
28893
63942
7120
75918
52498
84164
48986
47708
42758
79131
43663
46313
34662
48135
81155
93380
69112
88133
65674
99509
56815
18492
9365
50605
20558
35876
73245
66101
14218
28428
10895
39430
69108
63918
70950
37159
32880
18049
75899
69581
44624
61177
64413
44325
47541
85510
75872
23631
94466
10230
87403
80361
74310
41567
55701
63768
85003
27531
34371
60896
18951
43397
35064
19342
17440
40459
63935
39808
73747
68342
56486
41938
97441
88836
79917
37330
62663
15402
6276
44405
52656
34369
18724
44324
72662
48809
20263
33430
70482
57979
98128
45656
75578
45864
79507
36461
45475
63732
21904
83350
44837
38693
43779
70986
34651
34126
11351
31084
77164
37774
34224
56461
76025
70619
72749
15358
29348
34274
24278
73309
40801
55470
54863
66879
99430
49970
59316
93641
34138
72823
42940
33250
61066
66581
13498
93510
29599
5032
47187
57486
38763
17829
14018
24462
48835
33417
38225
69717
64406
50921
70461
37659
73121
32861
9557
96218
64678
41200
39436
92689
65365
92381
95040
35601
78775
36651
39768
16864
71279
63134
90147
54756
34677
34188
89978
44945
32848
69195
40399
80364
41100
67629
37377
64779
92751
35633
33737
60047
38877
44840
47565
40339
36855
40578
37345
35813
87859
52349
79680
99415
52357
49951
38491
95081
33390
87299
41961
15578
42867
47452
47261
39591
58902
34077
45764
49994
14882
45573
74885
37220
34906
59540
54614
61507
75423
35902
48739
55198
32906
34863
43294
73822
42819
48964
55019
42779
65443
40855
49541
7170
46026
70525
48411
51578
47622
36047
39439
84143
1092
36157
84031
69632
44346
87660
37751
43872
21080
39424
48909
61034
99394
40755
60955
45062
15105
75395
20398
25677
71237
41218
65528
76900
24919
33483
59607
40936
81850
84824
22814
69439
68931
73341
71321
34972
59051
33351
55705
37642
80194
60225
34243
36712
48589
36732
54647
57781
16431
35483
3684
38774
43672
37909
14119
60470
45741
52004
90053
38642
83013
38279
79040
80762
45515
40498
40473
12257
39574
88078
84043
38854
71899
27458
31802
62964
39959
52227
91396
38621
51231
57994
50046
33077
37717
72916
67270
72186
67642
54217
38234
32883
38512
33797
69150
71300
48346
42323
40274
53234
90764
65232
97540
89161
51140
26084
35399
79577
38455
52376
14094
32967
94854
18375
54253
47602
80658
41665
85425
57366
77893
1979
49053
19835
15917
21422
44635
44903
93362
36973
53498
11167
59303
40351
7789
38112
62267
51822
65595
36579
58342
50321
50761
35334
37048
74515
41470
12825
48935
40451
39620
40836
19303
51921
76343
32916
23249
35917
52470
35242
16320
63222
15521
54739
40625
80743
49004
89123
69511
35353
22385
43694
33228
64860
16428
5546
41725
64868
49100
44579
56394
95566
41403
50095
24553
62491
66607
39476
33945
56731
25557
72763
81851
91981
38775
53287
99459
54867
12353
71711
73301
9148
88862
60965
53283
41206
78957
63483
40956
37895
51670
34845
78082
75784
46930
44694
72586
69635
67771
64736
69156
34347
56979
3617
68164
46300
29388
49914
46384
64609
36815
55630
8018
36927
49163
71602
50574
59795
33038
38628
64130
44557
8728
34340
11234
63399
35216
86961
31568
13642
49218
54822
96179
87951
6800
82315
76110
97903
41708
39897
38359
46027
40045
43136
33511
42727
53519
55199
81009
16764
48888
66917
66673
38542
53998
53361
33935
84811
19391
35085
57769
60366
47234
56965
81770
77872
66596
83529
36423
35225
32667
39678
38510
76047
43465
35993
64265
36535
34342
53338
69043
33761
74996
52216
45167
16356
21269
45108
66175
56373
56292
44377
79044
41455
1943
35284
40941
13562
34746
63997
54049
48627
69806
12553
89773
60877
651
8225
5276
34246
36901
78686
70519
51536
52452
36012
53180
43258
35335
46952
85953
44991
54452
43452
44907
43030
84873
36560
45913
71663
43361
44622
21812
11593
60546
65938
39844
51142
62499
65240
83099
34249
47800
66704
29560
15048
48131
68280
82837
47119
47805
57462
37414
41827
33076
91594
76176
12676
59037
43184
47628
15661
58808
43619
59197
42830
50540
84065
8283
63077
24920
69031
78712
44982
53301
38968
41137
47488
33285
12692
69753
41544
48369
72332
44984
35019
40015
54374
63256
32677
44244
84481
74442
33019
79284
11011
59264
29019
37148
73899
56308
57123
46327
58799
38442
39153
74058
86256
34289
84819
71921
98273
50234
76823
45471
36797
83507
65850
34961
17866
34139
39840
34485
32856
78726
57091
49352
59138
27090
42056
84086
47517
51826
53471
40515
40401
87188
97648
33600
39810
92901
75955
34094
13116
71313
25080
34275
32920
62217
52351
92340
39735
13149
52788
88563
69028
77012
33372
37569
58587
75422
39207
64775
10588
38751
41042
26777
75296
6675
47110
79685
79032
72003
65762
69652
48340
21877
45809
33467
38320
34319
55214
35287
19054
3984
37096
57894
76772
47238
42140
51730
69774
68979
35957
87768
12086
48053
18093
11520
37455
75340
51542
80265
37208
36471
68582
14099
47691
40310
42272
33248
48653
47918
37166
36817
44749
55772
43686
58047
54399
47342
33048
94093
17370
9143
67428
37837
39262
97446
58598
37719
62551
39688
52138
68769
51663
59896
85576
43444
46008
61752
36738
74934
68774
54934
60572
43001
54721
5504
91202
79138
62006
52955
39027
81464
52727
20293
61572
10108
44754
68347
43318
30865
33525
34838
80045
47160
50725
82144
58149
40328
73463
33980
41161
61498
40507
72047
82722
58175
11782
33147
63070
66982
13635
42551
65008
41140
48454
40586
49746
41282
1617
63716
90198
42118
48264
89971
56019
36094
51400
78290
33937
91868
78667
51843
38356
25713
67217
11582
35831
56062
56993
75577
72015
40207
56089
51313
66592
15938
69552
48872
44555
42198
48951
36049
49617
69999
43229
41235
36912
72705
43861
33231
37185
53924
33361
27410
32840
91072
34118
36587
56137
38353
36982
36769
4214
48054
41610
45118
40257
32976
55390
74269
43226
49758
77745
87224
39990
78930
40538
26725
98767
52894
85843
32851
37062
31222
69789
33213
43296
43520
39294
76144
34150
37371
70393
87741
5420
58051
51291
76317
45328
90284
38773
51188
36902
59387
64144
31111
54949
73397
39337
83769
81443
34237
41766
67211
35120
34235
67254
36365
81906
55453
54555
33610
62093
39124
45100
65779
38633
37053
52834
72564
69193
70135
56674
24639
60481
50479
57690
46254
33874
8410
48632
51546
82076
35856
66111
34410
13954
68588
99878
52374
43341
41187
48875
50498
52625
50459
90775
92519
48724
43569
77218
44066
61210
84936
77794
48802
45860
70493
55645
8178
46661
99503
25961
39449
15259
79186
37729
70141
82410
1553
33000
11040
79366
60237
62010
41046
85349
47543
35303
13848
9401
45716
16539
46729
35940
41452
56545
44765
96844
35390
7725
38448
33296
53479
74441
45482
14452
74517
57573
9207
36194
75464
94178
37758
58905
44836
86676
85997
33542
91780
14234
35346
73272
75986
59927
54087
32293
29645
45267
30202
46389
83083
36652
70249
45460
36765
49917
51079
15058
63797
78922
42780
61411
47868
70719
68182
49281
35068
75738
57867
37653
70913
80015
88624
88444
46001
43812
35583
43792
57332
83484
46474
62423
91704
88146
59967
40027
47584
9485
58796
35586
79566
53969
11268
52899
33535
73735
18299
96927
73242
38378
39710
79985
53115
69613
269
41607
73624
81368
35968
38354
39220
50846
93943
43640
36667
72386
82308
40114
43684
77529
2316
77852
2295
61587
83614
42133
41135
74753
53804
38942
37798
32913
46737
54369
56415
52211
40407
83916
16355
68372
58009
35051
52145
52036
17039
39834
35901
97276
66512
59378
43319
36572
58683
74024
32955
84813
72727
54585
67797
69593
37059
39709
43901
28804
63527
13418
42277
52530
37054
12189
37802
37616
63219
35211
65281
2875
65753
47655
78530
63600
67574
45136
13866
79222
35056
44513
49706
65362
82013
46145
17668
40165
37267
54178
39749
92531
24588
48267
58275
61504
93497
2705
38255
49112
48315
50660
69960
49075
37651
63601
43878
15551
89676
8636
61868
35818
18249
33274
77793
97921
56635
58855
33691
85266
65448
55697
37918
17307
65208
70854
34306
9791
44396
38229
85536
69225
39450
48915
34744
11569
93677
51348
75400
68105
96883
26692
68598
36518
83623
42163
81518
65814
42897
81549
48098
64432
37190
55413
48806
51785
37682
57718
42090
22001
88011
46634
65004
35987
31358
51201
43096
26176
51062
67603
59748
74448
13582
57809
38456
18977
47315
56337
94554
37426
75853
62953
61476
55436
37819
45230
39268
64806
81056
46577
52919
5669
45782
46400
65106
46100
3798
47265
42193
55210
54223
51161
44500
45874
36467
61974
39354
35344
34363
61713
16286
32605
54273
60770
57668
43669
69560
9137
71971
22684
87436
11442
5505
33551
36960
9645
42416
49308
38985
44667
73712
41236
82125
25611
82984
45601
33265
33146
59086
38733
53878
34629
50580
48910
82565
68000
34120
35950
35239
34822
13718
41397
11650
62762
55542
62373
55455
76032
62381
12884
27384
66028
35233
12587
64515
46376
57148
40367
73585
42281
10957
31296
1529
39298
87883
43228
48918
56096
73025
33528
41392
54156
52209
54955
43567
72577
44135
67827
39491
62410
64575
71996
92227
46940
49753
62209
39001
65648
34929
40617
38088
42105
58498
81007
52007
40043
76484
90795
44427
40215
9037
68799
10375
34495
25967
44831
97847
5395
58612
90883
37654
44359
95448
86236
39824
13869
39785
18103
48252
97414
34140
43074
33317
57484
77917
33983
39814
85781
57218
37196
36386
69861
53048
52941
60171
43724
35255
64722
72352
53330
79337
68813
60240
40233
46994
92635
39927
31637
48483
21437
39684
34152
41466
34445
55408
73102
99865
12504
55427
35032
42942
86218
15755
59331
52930
37947
1451
35441
35256
79117
38864
31052
74541
33570
90146
43005
37351
98865
56923
79522
26557
97084
46656
75126
22467
87258
96038
73966
39443
34882
34014
40686
50361
43791
70009
67100
49540
4627
47673
68580
45444
37949
72544
62331
53467
33093
33590
18294
29431
52646
76999
60292
45202
16897
47430
13343
43487
68823
72623
51713
65466
52641
82601
40504
70451
56880
87437
34701
52285
69340
38965
37528
34771
36877
71785
24173
33062
70817
47701
49690
61134
35251
41184
33478
11431
77608
55434
34042
44175
83694
39679
80092
34024
8966
26540
75796
48067
84098
10373
33044
22080
11456
56659
39477
65962
99955
35193
45041
61088
42525
50148
61490
7345
8868
50068
42664
53802
94373
98651
50043
960
55872
37047
35460
33138
70264
80086
51883
64961
19744
44203
65375
56691
53016
21780
14887
47031
39600
39084
63447
71398
45514
66330
41311
30401
40309
74012
32198
61302
41489
55575
47946
42120
33736
75603
43217
64984
35767
87380
71622
30831
92441
39464
36662
74778
62992
53344
33931
85899
32790
57048
85585
40197
41591
50681
33479
48729
38257
42559
33418
17395
73664
39505
48985
70391
30864
38634
34761
50891
46353
92592
61899
47618
33961
6831
38671
11739
34318
35009
14008
71786
26966
54780
91646
52044
77255
14854
91535
45703
51686
60722
33950
8924
3846
25156
38341
65902
53443
36153
82749
37429
38087
68257
44631
60539
35307
44700
52873
27180
68009
61511
99685
34570
49539
66623
35650
33734
77280
73166
43837
48895
47683
45668
32960
47965
65809
39348
73053
53731
47786
92909
4130
46043
61564
85758
64518
57194
48677
19864
35008
39324
29728
57591
24217
41227
39322
87952
59435
44008
87784
36503
37771
9804
48080
72246
50054
93057
77077
7887
70149
95844
4854
38871
81590
85126
66763
27939
55279
65438
48711
36542
71858
45717
56132
13135
43838
63404
33550
55581
48659
80089
42659
59214
61523
66503
41550
41944
72086
37246
51434
41576
48600
67133
81934
51147
81944
52781
56777
88868
41763
84595
56881
94701
2641
40478
86151
28065
59613
97430
38317
52673
44261
30622
56687
55099
38011
7763
63790
63232
48068
44045
6284
66255
46385
23282
14725
36919
43202
33978
81309
34582
48950
12611
51021
51824
97642
33934
88866
55510
8843
53639
48650
37203
42749
65412
36699
36079
36509
62251
83131
94537
57180
41650
33290
32987
4247
86925
30746
59060
47397
45524
94202
3176
21462
44540
27234
53417
38281
39714
72562
89912
94341
48166
65980
89094
35145
34382
62902
97590
73052
7769
60585
50748
69945
95344
33911
43945
34802
70874
75390
56309
51990
68201
58107
35071
48668
48857
93637
75857
37494
40618
64784
89983
65592
39085
24371
46818
50040
33335
85582
78214
55981
42504
62302
37821
82584
93248
98945
79808
33714
80105
11882
47784
40857
67528
37098
86719
18486
31978
47165
22899
37441
94218
51482
43970
92807
85513
58060
33944
46449
53860
27813
43218
62137
42209
24041
46004
92922
28378
22736
52121
52037
45081
74041
56247
28786
44207
46341
53565
68398
43179
23990
36552
62830
48751
34302
86562
66258
27816
60060
79408
58994
55813
66736
93735
12841
74206
39772
60437
36583
68726
33536
955
79703
38404
46105
56938
60532
35201
90901
44205
34362
40732
37188
78996
3628
43078
33011
51139
87804
84660
76252
86369
38535
34307
48645
45019
35050
33759
83401
42669
7677
37880
65572
84125
21075
16520
24678
33877
43767
9054
59149
37959
45141
35082
72389
47860
59375
90169
50458
46435
83510
13723
43697
72518
50447
34599
56094
45973
70428
63169
33834
42874
56953
35047
60537
91054
75278
45962
35148
36273
57050
42330
24099
43348
52165
33124
55233
49002
39267
34702
50603
50154
76315
21014
92649
40098
75414
8694
52653
41782
30853
47855
95021
47365
25100
35608
80278
52837
56926
79374
78869
44386
80209
37675
48945
31998
11423
50651
38928
94650
42423
39282
53697
45763
40276
58365
17398
36945
38297
38010
67397
34568
37291
91332
37057
95549
86337
80259
51156
40808
73257
79543
63544
18060
39928
65148
41501
37135
80982
42359
47225
43895
38118
48916
85034
30697
59335
52337
68252
56658
53599
69004
47950
93851
50062
52824
41755
57777
50871
67754
73533
84028
45925
77234
38922
20377
48771
50445
35184
55713
76407
34023
38125
43252
38187
5107
68930
47003
61031
12817
53104
48641
64101
72635
73653
42547
46199
10871
33423
55101
43534
40445
56846
99377
58225
32154
58941
35272
52877
37591
43091
10391
46764
34439
74879
86548
50417
35682
46610
76779
53919
78732
89211
87362
43483
67357
35171
92401
99442
9476
35474
21379
16480
79749
54240
72621
36617
37328
64497
50177
12595
38129
44653
22182
33791
37465
44546
11721
43458
73509
42054
47134
36525
50483
41334
62406
37687
42458
52247
49929
34021
42356
51786
11256
38252
54841
17343
59599
34378
38305
50351
46457
48576
45731
84902
40040
64786
66449
51905
95765
18276
87300
10872
16844
93617
7739
43866
16025
28106
43132
42953
44465
66890
25044
96943
85097
52469
38955
58331
47669
34227
92639
78568
12845
45276
53595
43717
42232
23295
17852
49823
59130
45130
42835
23152
34248
80959
35107
78881
21736
61619
48034
96204
55791
38054
41372
37743
58395
42775
33792
65806
63063
60690
75916
51084
46024
46240
38898
82544
7001
24727
48317
34698
82230
49760
25983
34262
87352
92801
89753
23937
47607
54035
75848
71195
40714
67850
42961
35412
7298
60107
95250
4307
65894
34163
62667
35220
65517
48755
53360
61614
33995
71319
44872
79730
3532
58012
58014
48515
44292
41534
39615
90910
60631
36281
35358
42688
58886
48846
43713
33094
98213
67070
91220
49282
34512
48731
56266
66466
35180
71680
73404
50281
26426
39289
46563
11993
23572
40987
19359
42692
68893
73950
63263
65561
49819
27199
22791
38913
37791
23147
66209
39813
46111
37307
41098
80468
41065
85363
36165
69928
36426
55151
21390
59298
82031
40157
66374
80256
81835
64192
40644
57910
30488
68883
33839
45933
88009
35265
99047
37679
51425
73782
61307
31448
54277
38530
78374
77993
23258
32801
28147
42147
45542
39050
29841
53832
76034
35153
35830
87197
42777
10948
59396
56606
95903
36520
47592
30366
41993
61988
61891
85750
27452
43932
76972
58442
26473
99197
71782
32826
37011
33429
20098
33364
58464
12747
40392
4242
53174
85373
33825
60032
55514
47666
11469
44809
38174
61171
38497
43124
281
72060
40266
58120
36527
13090
38066
50315
46506
26634
38795
42778
68835
39301
29041
12986
47366
64723
35702
46992
49836
90538
40533
34978
64960
46773
89305
25407
36018
11149
31036
36984
51558
22722
36220
50933
31611
50511
63582
98938
16351
33277
32822
17018
33362
39069
37538
84286
47212
51818
48999
76637
58256
55818
40200
37083
43111
73863
38183
11253
97675
37193
42870
80139
6480
63389
6090
44646
40876
33057
69676
26511
35160
65799
70472
36802
56690
65441
10222
52585
71875
42711
44439
10117
39726
86442
71453
71990
59079
45240
36454
34299
9521
73492
40713
35006
34910
42530
47741
64594
43281
70741
37544
42860
79301
38979
79881
33468
63492
61528
18453
40382
35208
36022
45971
64568
33952
43586
60300
15758
66893
63030
41671
87116
60875
37128
37382
48528
57324
75067
47000
66346
34316
51333
88637
54183
85114
3508
44693
90046
65641
33378
36564
33320
19429
98709
4133
84500
28818
61135
82299
54023
41830
41734
31481
33718
76166
49374
77341
77948
38147
43841
27862
84533
76832
65137
35505
35947
65975
40051
71792
89533
32873
94800
28807
90588
1494
69352
2697
59859
71857
88681
93294
44543
65280
38128
74898
65497
51873
15021
49237
78592
71766
33111
66468
38001
67035
34247
46560
44794
38219
35309
1508
43278
29078
20138
63834
38067
78475
39890
76990
78312
18312
49031
15355
39681
47142
48202
42604
39481
59238
75469
35861
45470
58539
42571
67802
51522
55232
15565
61224
38062
24494
89229
60664
38331
8350
11745
55058
14458
44847
70764
58189
69876
34950
50481
34181
60083
42541
38665
69833
46598
61608
61719
32938
