670
1010
332
222
626
500
164
550
318
648
842
466
468
946
100
656
412
826
464
186
514
824
866
132
950
48
400
556
822
854
772
12
402
580
634
206
144
760
96
954
908
576
52
534
588
258
712
974
968
170
142
432
884
834
798
488
54
734
504
290
786
898
848
388
324
660
334
292
674
62
662
710
434
286
326
1000
512
776
370
390
778
796
72
980
960
452
832
148
374
128
420
830
430
190
34
1018
46
82
982
154
554
358
136
1014
256
386
242
560
398
766
354
348
558
784
384
976
302
238
492
298
476
762
582
228
278
738
32
24
730
630
570
216
972
812
470
622
774
196
248
614
532
1002
218
140
638
6
600
40
416
110