239
971
671
635
119
232
478
636
980
617
446
631
279
136
954
167
454
208
800
577
338
4
693
806
508
363
542
367
779
420
249
560
351
698
254
129
783
765
610
559
1009
443
719
976
770
527
763
292
605
797
928
301
995
494
246
134
867
204
471
24
11
95
561
20
756
670
441
179
914
131
893
583
669
224
110
117
412
214
418
904
122
714
264
35
895
165
236
153
651
2
198
83
1008
684
124
505
754
376
679
738
883
464
388
899
103
564
532
461
647
782
163
315
108
370
241
381
485
293
100
383
786
863
879
868
658
909
442
448
703
935
578
298
40
341
922
600
731
694
268
104
212
452
612
565
802
964
197
440
191
395